29,43,17,75,93,41,99,86,81,94,78,33,80,21,54,47,44,56,4,22,83,60,98,98,38,21,16,26,65,64,24,3,13,82,99,57,52,60,27,79,50,71,77,72,71,58,21,44,72,19,43,88,52,75,49,79,50,71,69,87,48,1,66,16,34,81,75,4,95,60,49,80,36,9,50,16,6,66,32,64,25,31,32,71,58,85,17,12,66,49,32,53,91,80,38,56,93,92,16,47
16,99,43,12,39,64,45,48,1,33,7,75,3,81,64,96,87,91,36,14,78,72,47,26,37,68,30,66,77,97,90,25,98,82,42,8,11,15,99,37,13,5,16,8,11,20,12,17,59,83,87,96,11,36,72,64,38,92,35,68,24,84,58,86,8,69,94,44,77,20,40,80,47,78,82,8,3,14,41,15,92,23,33,15,34,13,10,3,51,32,58,55,3,17,82,16,59,82,22,90
19,12,7,76,81,46,3,92,47,90,80,45,99,89,1,15,5,3,19,1,21,21,45,64,38,32,54,15,59,30,50,54,65,49,15,45,23,83,99,75,34,54,75,64,15,27,83,54,72,87,44,28,29,54,19,56,77,75,74,4,97,17,67,0,87,16,59,74,5,29,85,27,91,68,20,75,69,33,19,59,25,73,98,82,88,28,1,26,28,45,13,50,32,4,98,98,95,77,76,39
44,22,69,65,63,20,54,76,80,57,55,82,11,94,47,58,92,61,59,69,73,94,52,29,31,43,92,69,79,37,52,21,12,34,98,27,1,78,99,81,25,72,82,1,8,13,70,96,27,1,54,52,61,0,65,90,19,83,60,33,47,88,78,24,54,33,51,86,31,94,89,65,21,93,84,81,14,93,85,65,3,21,10,35,61,40,60,33,66,16,76,83,39,83,2,36,64,60,10,80
23,96,19,27,53,10,73,8,9,96,89,28,53,0,48,46,21,96,12,69,85,92,33,57,73,32,17,86,1,8,51,47,62,35,0,8,77,83,54,69,60,59,2,92,84,30,58,94,66,39,75,94,86,91,16,30,51,15,58,76,93,93,54,64,46,57,11,56,8,63,33,25,93,84,4,13,3,58,28,80,71,16,95,96,27,50,11,50,33,61,44,75,49,38,63,86,38,5,43,97
78,32,16,55,84,36,66,24,71,12,78,43,55,24,39,52,93,73,48,36,23,70,83,44,93,5,56,65,88,91,92,60,3,23,79,9,56,21,62,12,11,65,42,22,24,52,32,24,78,47,0,22,10,48,76,57,58,30,18,7,62,43,51,63,94,32,12,33,40,56,83,78,60,82,79,56,57,60,73,50,16,57,89,52,35,56,58,38,56,8,80,88,25,4,56,69,19,29,25,15
42,81,52,82,97,90,0,20,0,62,5,47,3,0,42,52,45,90,46,85,91,65,74,98,77,23,87,63,89,69,85,22,94,50,37,36,86,19,48,96,22,55,21,33,73,54,61,14,93,59,24,38,25,86,19,52,85,75,79,66,11,75,23,16,77,43,22,35,16,89,93,95,52,6,62,30,67,18,94,93,28,42,35,27,89,91,52,15,47,15,39,93,32,33,0,17,84,35,98,2
98,66,59,40,36,14,46,15,78,17,80,73,80,53,20,85,92,72,71,0,27,37,63,98,3,5,54,62,2,44,12,28,84,23,58,49,7,96,4,46,33,53,74,99,57,12,91,59,43,36,71,52,77,91,1,11,6,98,62,40,37,96,29,6,36,76,29,27,95,14,65,95,83,29,85,99,0,48,47,5,6,93,20,76,97,97,44,22,18,17,8,44,91,21,24,6,49,25,70,41
88,76,99,96,5,29,62,92,3,72,19,33,49,82,55,29,46,4,91,86,78,48,63,16,31,58,17,33,48,49,23,10,30,97,91,25,80,21,35,50,44,48,30,39,87,13,83,32,57,27,49,5,97,86,64,44,56,32,0,10,47,49,7,38,25,91,21,97,69,59,36,23,76,17,63,48,84,19,9,6,66,33,2,60,21,71,21,68,16,35,86,45,8,0,65,55,33,80,27,19
1,54,58,32,27,15,87,34,13,45,71,13,98,17,95,67,68,5,15,0,31,15,18,60,10,19,34,48,10,60,30,64,16,23,92,95,26,0,78,58,12,98,86,77,52,87,8,23,14,27,35,68,63,79,3,44,37,99,93,11,56,94,26,27,92,6,74,41,85,25,25,96,23,40,98,8,37,51,61,50,79,85,71,25,5,18,51,51,16,90,59,5,10,43,90,84,67,97,74,51
6,63,32,34,15,83,53,33,16,17,31,90,54,35,28,70,95,15,91,35,33,6,65,62,99,30,65,99,74,97,54,28,3,84,13,91,8,80,9,37,1,13,51,72,60,87,31,79,13,58,64,28,24,45,25,15,27,44,40,91,30,11,41,43,83,46,49,88,47,92,53,24,23,94,1,84,10,46,24,88,57,69,61,67,88,94,31,38,59,80,90,40,18,51,81,5,2,56,26,7
67,15,32,53,91,48,24,44,13,11,43,4,92,44,20,19,63,31,55,63,2,51,63,11,37,0,20,67,89,85,89,85,33,82,51,25,49,25,69,91,65,11,4,74,45,53,96,9,23,9,30,47,24,89,73,38,73,48,48,44,50,41,88,24,91,95,71,95,9,89,0,37,6,52,42,37,59,61,21,36,42,66,63,63,17,32,22,96,74,46,69,93,20,54,91,46,73,57,31,0
29,51,11,86,69,55,77,11,66,9,63,38,1,25,45,70,99,94,78,3,19,92,85,14,25,0,74,49,50,30,5,81,48,69,40,56,83,38,72,54,62,49,96,3,64,74,24,28,15,11,81,15,84,28,14,12,38,32,22,75,77,53,19,31,41,72,29,68,40,19,79,46,58,94,7,84,95,75,69,94,39,86,46,3,83,26,70,53,52,84,89,58,44,78,99,54,15,20,31,15
48,58,39,3,84,88,60,90,82,17,12,95,90,42,53,84,45,43,80,31,43,28,43,7,17,74,59,3,7,58,40,6,80,56,66,69,59,18,5,62,84,72,88,57,46,14,85,13,18,2,98,23,5,14,96,64,40,61,97,92,74,29,47,16,34,55,50,20,53,69,57,49,18,76,37,0,86,57,32,2,85,55,8,89,27,51,71,84,38,10,23,91,28,91,45,34,36,98,55,63
57,61,85,60,10,81,6,16,10,20,93,75,68,8,81,4,38,66,48,69,68,42,47,91,75,35,82,76,83,62,23,13,27,42,93,5,90,19,24,88,7,86,31,93,42,80,67,21,41,98,44,82,22,86,63,28,27,82,41,74,54,18,98,10,78,28,28,55,35,64,45,2,63,50,76,31,34,82,60,51,76,19,53,89,82,62,74,0,72,19,14,71,87,63,19,25,20,38,59,7
12,1,14,66,73,49,77,2,11,68,1,92,8,3,3,95,57,9,81,27,80,64,99,1,71,92,93,7,84,32,90,14,24,28,81,88,39,31,9,32,13,11,91,89,3,6,84,73,26,80,25,3,48,13,45,12,0,65,62,16,40,94,29,47,7,41,28,67,10,33,79,17,86,94,62,14,0,70,85,81,39,48,78,43,51,91,82,34,93,93,55,25,23,17,26,42,6,1,11,54
57,96,61,27,61,35,34,68,32,22,46,27,71,52,93,28,43,4,33,50,24,6,49,87,63,58,44,40,69,96,95,10,95,87,64,39,98,11,13,46,5,84,24,53,37,57,94,4,16,7,79,29,41,93,38,8,5,35,96,28,26,5,57,15,18,56,70,15,69,36,38,26,20,85,93,48,8,9,20,92,66,59,84,18,53,96,67,17,72,7,73,46,29,22,20,84,66,69,76,47
80,90,16,28,55,21,54,29,3,46,12,26,44,93,47,27,27,10,92,95,80,73,26,54,21,20,57,85,4,91,81,54,87,30,20,46,71,60,13,31,53,58,13,98,55,2,53,88,96,8,86,15,21,98,33,95,57,69,1,73,78,34,48,72,95,83,29,28,38,5,15,57,11,89,33,73,48,93,48,74,4,12,62,31,74,69,68,94,59,41,88,94,81,7,61,40,67,75,4,36
55,46,19,17,62,57,37,78,94,51,25,18,92,15,86,94,64,77,44,3,66,8,20,68,15,1,56,21,8,36,65,54,4,66,52,86,25,54,69,52,46,3,51,46,77,77,43,12,25,10,11,49,51,8,91,69,18,47,39,44,94,64,42,58,46,84,63,68,95,28,32,0,24,3,20,86,73,13,8,95,78,74,3,14,14,76,56,65,35,3,36,1,88,48,91,55,84,28,87,45
73,25,22,0,50,66,17,61,91,65,16,23,54,65,38,40,9,69,4,13,98,22,50,75,25,45,52,42,30,2,62,72,12,49,50,50,91,94,79,94,98,60,89,33,28,20,72,86,48,49,16,27,50,44,55,89,36,67,64,80,75,20,36,54,44,26,32,33,43,59,85,42,76,98,45,33,77,90,86,59,13,86,18,93,50,84,59,33,99,19,54,48,95,63,86,60,39,76,99,4
35,3,57,52,15,9,41,54,63,9,76,38,9,35,83,32,10,25,89,86,32,4,33,19,52,69,7,31,20,70,77,1,53,6,76,41,93,29,6,13,34,98,33,44,31,25,72,94,90,59,40,2,61,56,70,29,69,47,89,80,53,68,56,10,51,63,36,83,93,68,70,76,48,60,69,64,91,44,11,30,52,48,44,70,41,4,22,55,58,91,69,45,63,12,88,78,24,38,21,55
12,28,70,78,63,27,86,47,24,30,24,22,3,67,46,50,14,97,81,3,5,10,37,74,30,96,36,53,63,0,9,6,58,4,43,99,13,60,77,35,16,87,31,96,34,70,66,67,32,87,62,16,93,76,35,76,82,29,71,92,9,21,10,28,81,98,10,12,62,87,29,8,25,74,38,76,50,38,75,2,25,50,65,45,6,0,23,33,74,3,18,64,85,67,63,95,26,54,54,3
13,58,0,47,10,26,62,71,67,69,65,83,32,43,71,66,38,82,22,85,33,86,61,46,86,55,94,31,10,31,73,97,11,74,61,64,66,45,36,84,47,97,26,6,36,35,21,2,42,95,81,5,49,92,67,67,61,80,11,84,41,0,46,42,11,48,96,65,94,76,61,26,26,41,50,73,59,34,21,61,22,24,46,33,63,19,40,23,83,39,79,55,77,81,86,63,37,19,57,12
64,93,22,35,66,68,40,48,6,10,54,9,72,35,84,97,39,33,15,34,34,41,16,27,99,27,45,44,50,83,63,50,29,76,2,3,20,59,14,7,89,12,66,62,74,37,79,73,3,68,70,77,34,64,73,29,11,42,48,15,47,36,51,83,35,47,49,54,95,71,52,77,59,10,47,42,66,14,36,20,25,12,28,27,87,8,50,19,18,49,0,22,69,39,95,4,11,17,2,92
54,88,46,79,69,91,88,20,16,14,95,23,8,67,11,10,46,93,37,1,40,66,38,19,53,4,7,59,80,9,5,69,89,4,4,88,41,24,20,68,47,86,88,8,11,56,96,67,81,38,97,60,16,58,41,7,3,59,60,39,52,10,92,14,78,72,80,19,71,98,22,5,30,14,52,5,58,20,1,84,23,78,76,65,45,91,92,30,59,55,43,14,64,73,32,57,7,15,90,68
72,53,11,34,11,27,47,98,47,97,14,3,98,41,69,83,21,31,70,8,52,8,15,57,50,68,15,78,5,63,50,87,42,33,71,12,78,32,80,87,17,53,6,25,65,3,59,92,56,61,78,17,16,75,15,41,98,3,60,70,95,67,1,58,63,46,10,63,34,79,31,22,7,51,42,23,10,75,2,30,30,52,6,90,57,18,32,5,16,69,19,51,6,30,13,26,63,23,30,11
63,18,71,17,4,78,41,40,67,39,72,73,23,75,95,67,38,48,40,82,0,48,11,42,61,55,41,45,68,70,71,57,15,37,68,52,96,37,12,12,73,26,86,57,11,84,95,70,68,22,4,87,9,84,52,69,19,18,1,62,37,98,12,54,53,6,95,27,45,90,95,35,67,99,75,51,32,19,31,86,4,17,80,21,11,69,55,2,7,51,28,66,62,87,96,58,14,58,14,14
52,65,55,24,59,14,19,45,12,40,32,69,96,90,80,79,43,24,88,46,47,11,27,6,79,30,97,92,90,50,57,32,97,2,17,23,46,95,92,24,31,22,91,49,67,63,46,5,57,96,64,45,37,44,9,39,40,63,3,54,88,40,19,72,50,13,70,82,52,17,83,72,20,30,19,80,50,18,5,81,7,60,20,88,16,93,18,44,59,45,3,5,21,35,56,25,39,62,64,45
11,78,18,64,48,56,61,53,96,92,14,91,27,12,41,53,54,97,58,70,34,44,37,23,46,84,1,16,2,47,60,25,31,92,59,84,89,62,3,67,95,94,41,11,58,36,5,3,40,58,83,30,14,53,48,0,42,85,69,36,14,37,92,33,89,99,59,11,3,22,52,14,37,39,44,11,91,74,76,33,54,16,64,54,39,37,5,40,91,36,41,11,41,88,94,14,3,75,52,28
5,87,23,58,80,0,72,80,13,59,60,96,4,1,97,84,62,88,29,1,12,97,36,66,49,86,27,41,43,19,95,76,81,99,82,55,14,57,9,19,10,55,19,92,17,52,44,52,91,55,56,63,82,61,54,66,29,3,13,36,20,83,0,18,25,52,69,97,42,18,53,33,21,88,76,78,42,9,27,65,90,71,99,11,27,31,8,37,91,27,60,8,12,74,17,67,86,54,92,70
27,18,53,37,11,95,0,45,24,61,89,47,32,53,99,90,36,11,56,6,89,58,52,96,97,49,93,16,26,39,61,30,90,2,35,83,99,71,3,73,10,76,54,59,80,54,81,59,78,52,93,67,70,40,60,49,99,12,0,68,30,10,58,18,20,19,30,31,3,24,55,80,21,48,52,13,24,58,13,41,39,19,5,86,80,55,65,16,89,94,42,21,20,9,68,94,13,77,59,24
6,31,23,58,22,37,44,18,89,29,30,94,39,18,97,48,25,56,30,49,79,68,54,10,33,63,14,97,77,62,20,32,61,59,57,6,95,0,24,10,87,89,92,30,11,75,28,69,43,38,11,21,65,7,8,71,24,67,28,17,21,4,94,80,84,49,58,23,19,21,94,58,13,29,27,34,77,22,1,47,3,22,31,66,68,37,34,23,93,24,22,74,90,8,64,89,85,1,72,39
61,16,86,99,6,63,58,74,68,77,26,97,4,48,96,37,67,62,30,50,60,40,70,77,12,96,32,72,62,65,19,51,87,47,69,61,49,56,99,88,3,12,10,80,19,18,27,55,81,34,63,91,48,94,61,41,63,59,74,39,26,54,66,81,90,93,31,14,89,85,19,72,1,28,35,32,31,16,64,85,50,82,90,64,16,29,73,78,83,22,75,69,57,48,44,49,14,6,56,18
27,6,31,4,86,63,27,19,97,12,25,51,9,84,56,24,70,12,58,7,79,86,54,54,42,98,3,78,36,32,45,17,33,21,12,48,44,23,93,0,14,66,31,88,28,24,7,61,57,95,72,80,43,81,66,66,72,4,99,32,49,49,56,25,27,62,47,48,86,68,23,43,6,92,68,33,15,18,96,12,72,8,61,70,2,65,20,90,38,39,63,87,74,45,2,88,5,19,82,89
61,98,17,47,30,51,11,64,34,67,21,31,50,63,38,67,3,14,91,83,3,80,32,81,8,90,45,75,25,65,37,94,46,8,50,53,86,43,54,42,77,10,37,25,50,44,14,54,48,32,77,96,84,90,77,21,84,45,12,98,93,3,14,14,97,14,49,86,32,20,83,24,5,36,49,51,0,67,71,40,81,38,24,0,91,49,12,71,46,47,87,25,3,22,66,42,98,2,44,56
23,57,4,22,22,3,92,49,9,13,3,92,15,0,89,69,20,35,89,27,49,32,7,77,5,35,17,58,62,28,97,74,48,57,3,60,41,47,35,74,45,48,18,61,96,9,15,60,40,28,60,87,10,41,50,35,20,74,97,63,13,62,98,54,72,20,1,91,44,27,29,54,84,24,23,81,39,93,93,82,50,26,95,10,65,68,87,9,97,76,16,32,69,84,88,50,8,76,76,13
80,44,88,51,46,11,62,63,90,9,5,16,23,63,50,19,89,42,43,86,93,92,32,11,53,1,8,44,67,48,88,76,62,47,99,72,73,94,33,25,24,89,19,87,56,61,69,97,26,5,24,28,81,34,10,9,13,54,36,26,95,87,2,11,88,78,19,89,5,10,98,9,74,10,24,76,59,34,24,96,18,69,37,82,94,48,92,84,16,88,58,2,29,27,62,74,51,40,91,11
53,72,60,58,18,65,14,78,73,44,75,95,25,14,81,61,82,20,24,6,62,81,1,84,88,89,93,99,88,92,51,34,9,60,54,70,5,67,89,14,11,4,52,35,68,71,57,94,59,28,67,57,95,50,85,61,20,27,5,10,23,27,82,84,95,80,21,13,59,24,83,26,38,51,80,85,13,34,86,38,54,96,44,26,2,70,49,20,77,71,28,72,12,97,52,17,94,65,36,38
94,62,82,78,61,6,4,84,33,16,43,24,20,37,64,29,90,93,96,84,7,84,84,97,69,49,34,60,10,16,78,46,50,14,4,55,48,60,48,28,72,10,1,20,88,42,42,42,14,53,63,17,87,68,77,21,84,5,94,58,29,63,96,85,48,87,71,81,54,33,35,9,50,29,19,76,50,28,26,77,93,82,45,42,52,48,17,48,59,79,71,29,91,18,53,44,56,31,15,60
1,66,51,37,73,27,11,41,53,15,45,21,43,10,61,2,39,73,45,44,9,17,19,1,81,71,8,47,21,59,71,56,4,76,60,95,23,44,76,62,12,15,70,23,9,57,34,78,44,22,30,65,89,87,61,3,0,48,85,76,21,41,37,53,40,89,33,22,91,51,76,50,57,92,21,81,91,28,57,63,7,29,18,27,34,56,37,45,64,23,52,74,2,59,49,19,72,92,51,65
10,73,99,48,72,40,47,26,6,4,20,93,77,24,72,15,12,33,46,57,86,22,85,99,13,15,10,39,93,4,17,8,63,58,10,52,9,67,79,38,87,37,53,59,81,33,39,39,68,14,63,68,88,55,10,98,7,44,98,56,45,40,81,42,73,37,91,33,49,9,16,62,39,22,15,20,77,47,65,77,84,53,57,8,70,48,81,6,23,1,3,97,41,57,38,13,21,29,66,98
48,61,64,54,54,42,0,63,6,5,18,44,69,93,51,95,91,67,51,93,77,95,28,67,26,98,55,57,98,8,79,17,94,88,50,14,30,87,10,98,56,91,44,79,59,13,72,79,60,10,40,63,85,58,42,63,17,4,60,56,3,65,37,37,92,93,68,87,85,23,56,19,38,99,49,72,46,78,80,86,20,8,19,91,94,74,48,93,94,57,80,21,88,32,2,75,9,25,71,15
35,60,93,89,65,46,71,12,36,69,49,69,31,21,36,51,94,93,40,48,27,25,85,24,83,44,48,97,17,29,88,97,38,48,55,11,95,69,7,19,37,42,2,24,97,35,26,64,76,48,42,60,64,58,72,32,63,58,30,40,45,71,60,90,11,15,4,12,7,5,89,0,60,16,25,27,79,44,59,6,4,59,65,55,82,28,44,81,28,32,67,88,56,92,55,77,26,42,55,73
94,45,59,83,93,86,11,19,29,79,69,10,67,35,73,91,41,84,57,70,37,86,82,35,34,60,95,1,16,86,31,75,41,35,87,20,34,88,62,15,60,51,96,53,9,63,84,21,62,75,84,33,58,46,2,36,72,74,49,25,47,39,25,86,81,19,10,94,78,93,45,23,36,53,68,68,37,48,35,13,69,10,86,12,40,87,71,4,8,90,94,27,31,55,50,23,77,28,83,48
83,91,20,1,54,57,57,72,87,57,51,54,58,13,3,0,79,17,88,98,97,63,55,96,91,41,24,80,92,5,56,72,68,76,46,38,90,90,5,9,23,89,44,54,59,77,54,4,44,63,62,46,36,96,28,83,1,26,32,86,79,3,50,68,12,8,0,79,36,95,28,31,45,65,16,0,39,13,48,32,68,16,83,38,47,78,25,37,54,34,8,68,88,24,86,10,27,39,18,58
74,31,70,59,5,12,32,60,33,96,13,21,73,88,3,69,82,85,62,13,21,47,31,33,87,84,65,31,91,33,43,55,16,64,71,44,30,44,96,71,50,38,86,43,25,1,92,36,11,5,64,5,99,6,41,52,3,21,90,28,43,53,74,73,43,28,98,70,58,76,84,65,52,15,60,43,73,44,35,0,17,59,98,3,49,84,56,68,28,34,78,64,74,54,46,45,43,44,8,49
70,82,28,13,20,41,43,94,98,60,14,90,1,39,50,31,34,44,88,8,42,41,47,63,77,91,66,89,30,98,55,33,59,39,29,60,81,0,60,26,16,6,90,22,78,79,6,11,12,7,61,71,91,28,81,86,32,67,11,74,86,6,16,40,38,32,0,20,61,73,31,9,17,53,56,8,48,83,46,72,96,70,75,18,92,38,70,82,17,53,54,11,48,6,81,25,28,46,49,83
98,72,50,98,87,4,66,67,58,80,42,63,83,28,16,17,26,95,25,85,10,88,92,62,29,65,54,45,15,54,55,35,16,59,21,13,13,5,53,89,76,24,14,54,52,67,42,48,59,24,95,45,68,80,71,55,56,89,61,63,47,69,54,47,57,14,50,2,60,23,32,81,70,0,91,96,90,54,13,10,7,14,82,96,54,69,34,27,42,41,56,61,39,27,7,27,6,47,62,12
87,92,19,41,86,68,22,12,57,16,89,36,15,40,38,52,49,9,67,2,89,77,37,94,30,34,44,84,16,46,70,32,54,90,39,7,30,56,76,0,18,55,19,62,49,20,41,65,99,87,37,45,71,50,83,50,9,97,5,71,84,62,65,68,61,25,34,41,81,80,56,96,34,77,45,48,56,13,62,40,10,73,82,99,20,54,39,57,27,35,84,0,61,97,41,63,17,71,53,6
18,82,14,3,47,17,78,60,48,21,34,92,82,14,64,24,15,47,83,13,34,15,31,9,95,77,41,36,0,47,69,20,64,7,30,63,80,15,69,16,33,81,68,54,73,69,64,35,87,48,90,79,26,93,39,85,88,60,66,14,68,57,60,62,70,94,77,37,39,18,98,36,35,68,43,51,84,50,64,28,7,5,25,42,40,51,49,98,9,21,57,9,71,50,40,26,67,55,66,67
96,66,41,16,81,36,69,83,10,91,46,52,5,86,12,43,72,19,91,39,25,33,32,22,70,14,49,92,63,3,60,64,18,87,98,99,4,79,42,79,75,16,92,93,61,11,11,45,38,34,19,47,60,36,87,18,93,52,76,69,1,13,28,51,28,39,55,45,56,84,2,78,27,49,48,36,68,82,25,53,41,97,9,41,52,92,57,83,56,31,86,33,31,36,89,37,65,22,76,45
68,52,52,23,76,9,1,54,52,47,59,27,47,5,57,30,72,75,86,42,86,80,96,13,32,39,79,34,96,26,8,65,28,42,56,40,25,57,11,11,59,58,83,95,29,39,66,27,5,48,6,22,40,23,29,99,57,21,80,56,82,93,23,89,33,72,28,14,62,64,93,46,38,31,28,51,47,85,30,16,28,99,19,9,42,54,88,81,46,22,2,10,35,83,58,25,98,23,47,6
58,65,20,76,2,48,89,65,28,22,17,69,32,55,3,53,68,36,20,15,93,68,41,63,40,28,40,41,27,95,80,36,41,19,42,32,85,41,51,92,13,46,95,73,11,95,68,11,58,39,25,93,30,46,99,81,25,24,20,9,14,35,80,76,9,77,64,66,49,26,86,5,17,58,22,65,88,46,65,6,69,24,92,74,65,97,65,77,56,65,78,40,31,63,32,89,59,49,21,89
25,17,32,5,27,45,47,74,78,24,98,37,26,6,74,78,9,25,75,47,98,31,64,20,17,6,18,87,61,73,35,64,49,26,12,32,59,3,2,82,16,89,41,49,21,46,18,90,31,4,12,86,51,88,25,29,1,51,11,49,26,23,21,20,7,65,89,71,22,2,38,9,89,70,29,18,70,49,13,48,49,85,63,20,59,28,20,49,16,10,22,44,5,85,54,53,90,5,82,84
19,74,40,32,38,22,26,18,94,89,23,46,94,47,81,39,35,26,19,50,61,22,21,24,93,94,17,21,92,90,60,65,51,32,9,85,32,48,74,89,9,82,82,45,34,58,25,48,34,77,9,4,36,94,47,48,39,44,77,27,94,87,66,45,57,16,46,78,1,88,12,75,63,22,72,10,70,96,80,29,76,54,77,29,50,5,85,79,81,27,48,80,86,55,76,26,1,31,81,70
58,23,85,51,36,22,80,8,6,3,8,82,65,7,29,74,85,87,90,63,47,4,23,70,57,25,11,29,71,57,41,48,34,42,15,70,78,33,8,36,73,25,8,72,38,18,77,54,28,51,4,30,85,65,78,36,70,93,75,69,52,19,15,76,14,36,30,36,5,87,45,87,39,85,89,57,66,36,10,72,70,98,0,84,66,74,5,37,93,83,73,81,36,81,21,51,55,99,20,99
64,49,97,25,81,97,13,10,43,65,98,73,45,75,64,26,46,77,54,85,46,81,53,26,6,49,12,69,35,11,16,26,31,59,31,53,50,11,63,26,92,88,37,8,35,74,17,17,17,66,41,14,28,89,68,99,9,93,72,69,58,9,23,17,22,27,78,0,97,22,95,89,70,95,81,99,66,44,7,97,35,14,41,79,90,7,97,33,23,96,14,80,18,56,72,66,77,36,98,7
0,38,42,29,36,53,44,34,70,31,40,91,23,20,64,9,40,65,21,6,80,43,79,10,73,69,5,0,3,86,99,0,7,9,87,60,48,93,30,94,20,22,94,25,5,60,68,30,41,14,61,56,45,9,23,14,33,34,50,76,57,88,53,41,68,43,75,11,96,43,21,2,46,6,56,30,3,76,20,61,16,15,62,88,57,15,89,43,41,87,75,4,9,29,17,30,55,60,93,83
1,23,21,93,21,33,1,21,92,85,93,50,10,60,61,84,72,96,90,71,4,23,61,31,53,74,4,0,82,66,54,93,38,48,5,42,3,77,77,97,69,30,55,83,21,84,81,69,79,9,80,37,8,30,15,47,49,64,82,5,93,91,87,97,60,31,46,70,93,14,37,78,17,1,88,48,22,43,7,72,9,68,61,79,14,67,29,74,37,34,84,16,88,81,82,59,91,70,92,0
94,14,84,37,35,78,93,24,61,40,87,48,3,13,15,40,76,31,24,19,1,37,49,24,46,41,3,59,54,62,26,69,84,66,88,94,55,69,91,75,78,3,62,23,24,11,49,50,97,48,74,43,59,62,60,96,88,42,99,84,85,8,25,97,59,30,16,53,9,77,74,32,19,37,16,36,83,92,98,26,63,64,37,39,65,88,9,85,10,51,59,90,33,32,52,74,15,92,80,93
63,59,43,11,78,44,48,71,81,5,87,86,55,39,77,42,8,84,24,5,30,74,93,12,70,38,32,51,46,86,99,63,97,20,13,80,27,39,27,86,67,84,83,77,74,1,15,63,3,84,76,45,2,21,17,42,46,92,52,45,6,76,19,86,1,72,38,4,67,52,59,76,53,26,43,70,64,44,71,63,31,10,14,15,86,8,36,31,82,12,20,23,11,94,46,28,16,96,24,89
10,7,58,51,59,38,11,52,51,95,87,68,98,30,39,20,76,43,11,31,81,55,8,83,66,15,39,46,53,63,43,63,34,76,90,8,99,66,40,16,68,37,64,82,7,65,19,86,57,3,46,12,60,16,60,16,94,53,3,99,99,4,23,81,29,14,27,44,73,83,5,9,44,85,56,80,63,5,47,30,61,25,78,34,66,94,4,26,7,43,15,17,70,60,76,66,52,41,27,92
60,29,45,42,39,15,12,60,24,24,31,70,23,88,12,57,99,77,46,62,76,40,62,50,97,85,5,64,71,60,58,83,0,40,71,74,64,7,18,65,2,51,79,29,26,19,28,87,98,98,16,62,35,78,15,83,41,40,12,11,98,56,28,86,44,78,8,78,60,29,82,34,3,45,29,34,42,81,37,12,33,62,19,16,82,61,36,65,61,51,79,54,55,17,8,65,86,89,9,10
75,34,31,84,16,54,58,26,87,10,26,89,35,85,97,78,96,72,36,28,32,85,52,76,88,1,41,28,84,32,89,54,51,35,55,53,74,67,77,62,43,26,12,52,65,93,80,89,96,5,3,68,28,10,16,26,60,32,52,63,6,5,13,64,59,83,39,3,83,19,40,23,96,27,84,41,63,50,59,9,70,4,23,34,13,74,55,40,16,84,10,54,89,28,59,47,57,4,9,80
6,17,17,53,15,58,90,83,84,54,40,88,68,74,50,12,33,53,58,14,62,51,21,89,99,32,16,59,49,67,47,39,86,15,27,96,17,67,58,0,76,11,7,23,93,12,11,11,81,51,6,86,33,51,77,25,60,97,50,46,74,29,45,87,0,61,92,75,28,11,44,23,66,27,24,84,78,55,19,51,79,85,45,48,76,81,79,89,96,3,88,29,42,0,63,79,2,55,40,82
67,11,34,28,68,79,91,92,30,58,57,19,22,68,94,0,67,8,42,72,47,67,35,91,1,14,58,84,47,69,58,60,18,68,6,74,98,32,26,48,27,28,37,49,81,51,59,8,12,63,22,24,83,75,2,62,77,71,40,31,17,66,15,74,98,9,20,52,6,78,96,18,45,64,35,56,8,21,96,30,63,91,56,40,76,22,18,20,29,68,18,21,22,37,69,72,38,65,76,37
88,99,83,25,55,44,1,90,52,41,47,43,70,43,46,95,56,26,40,52,17,38,22,8,86,38,15,95,39,95,39,85,17,29,68,50,10,72,39,53,38,33,19,8,19,27,86,47,77,8,68,5,72,93,66,91,45,31,45,99,36,38,60,7,70,63,2,5,46,11,68,63,60,8,3,64,30,75,48,73,37,51,61,80,28,6,50,78,6,54,75,8,68,74,98,4,39,80,71,5
3,7,63,24,76,57,57,89,23,96,94,99,57,53,11,15,34,14,15,69,84,99,20,63,47,47,71,80,15,78,35,57,78,69,13,94,34,76,29,70,26,20,95,23,67,8,50,55,51,35,30,19,50,12,66,48,17,3,47,17,66,25,98,96,2,22,25,50,80,69,72,36,60,75,24,5,73,34,24,84,32,29,41,57,26,65,48,19,0,40,36,41,26,29,19,45,90,9,69,61
11,26,29,60,74,13,28,83,2,22,35,40,32,27,94,60,20,61,60,60,55,90,85,60,9,65,93,98,59,81,29,80,56,14,99,77,93,59,19,92,59,39,41,99,43,41,15,36,35,68,45,61,85,23,25,20,91,11,18,35,26,55,29,66,82,35,76,91,2,89,57,58,61,58,96,10,70,19,97,12,42,63,18,80,93,25,33,96,51,91,1,46,18,80,5,70,32,83,5,61
52,91,55,38,95,22,69,0,64,13,89,93,74,62,35,28,94,82,23,44,16,20,95,87,23,82,5,25,19,7,31,67,30,72,9,97,67,4,32,4,15,72,6,19,41,66,80,75,57,57,81,1,8,93,43,4,20,28,2,45,63,64,37,61,17,10,74,45,87,28,73,15,16,1,24,19,69,27,79,1,9,63,30,85,57,6,91,24,37,95,46,58,83,46,24,23,87,31,48,37
9,80,55,58,91,3,75,15,60,55,59,93,79,10,79,53,65,8,20,84,0,4,7,70,57,62,92,94,29,77,24,97,50,97,27,67,26,32,28,79,96,55,23,89,79,94,36,50,30,66,80,67,2,25,77,16,20,99,8,62,25,2,88,73,75,2,24,15,17,77,25,95,44,19,37,71,65,71,37,54,54,94,51,21,67,99,27,45,41,59,32,59,96,53,31,4,32,6,53,73
20,78,38,65,39,27,44,67,40,63,99,1,56,78,33,90,60,86,37,51,36,22,81,32,29,29,57,16,41,21,80,40,35,27,48,13,25,58,10,50,55,37,59,25,21,0,34,31,75,95,31,30,60,23,39,54,37,12,16,32,90,45,12,27,23,91,37,35,90,76,76,52,54,21,61,76,83,46,17,20,28,48,35,99,30,3,71,16,99,47,77,71,98,21,44,38,78,44,11,87
90,71,22,10,68,70,32,77,48,53,68,46,78,15,27,49,20,94,37,11,40,51,93,60,15,29,12,37,95,88,75,48,16,75,41,12,96,32,57,94,40,81,32,69,9,78,50,85,39,92,92,54,18,14,16,76,98,39,13,52,87,90,36,28,15,26,14,11,81,89,39,25,81,94,66,69,33,62,82,59,0,81,53,60,19,3,69,73,11,99,14,78,6,69,3,39,12,42,76,17
6,30,61,75,74,17,82,76,39,40,73,42,95,6,8,24,17,72,51,82,9,62,86,36,74,86,52,0,73,51,15,25,93,89,41,46,33,15,83,17,77,11,89,1,52,92,56,5,10,80,62,53,81,51,88,25,57,25,70,28,87,4,70,41,10,75,18,66,15,73,81,98,84,34,4,34,90,89,84,67,54,81,54,98,30,83,85,61,55,88,33,61,59,44,83,84,28,36,6,93
2,28,96,28,18,89,63,10,44,35,94,3,33,24,3,95,87,7,18,8,70,77,34,80,73,86,7,3,22,11,73,34,60,40,66,13,95,69,17,33,42,15,50,97,20,28,50,77,38,78,76,33,75,14,39,42,12,66,39,51,14,66,93,51,60,33,80,79,20,23,77,99,94,27,38,69,70,30,3,48,66,63,99,50,59,56,29,63,54,95,87,39,2,38,70,16,81,4,27,92
6,32,31,71,70,20,79,66,67,2,36,13,14,13,69,77,19,5,38,21,36,62,8,2,70,84,44,87,87,41,37,60,17,16,49,94,38,69,9,37,50,28,59,52,65,37,44,64,71,19,57,98,32,9,74,37,91,76,57,30,42,75,7,65,16,77,41,6,18,25,62,62,22,83,94,89,50,49,75,50,65,55,30,24,8,12,14,97,47,46,4,83,34,16,33,90,21,73,76,29
11,88,93,2,93,76,19,54,61,22,49,87,50,24,58,99,75,27,79,32,28,73,64,96,35,24,59,96,32,83,96,78,93,52,12,84,28,90,10,47,18,76,34,30,71,12,52,39,9,21,95,51,11,64,40,44,2,79,12,11,87,38,65,72,66,97,29,81,62,61,81,90,35,14,68,39,94,62,50,54,18,66,35,80,39,55,53,91,65,40,88,9,86,86,79,31,63,32,97,21
5,14,87,50,26,64,51,98,38,8,90,35,88,54,14,74,9,84,3,7,30,31,48,6,53,20,88,36,73,82,8,39,63,70,18,21,44,42,27,53,84,5,4,13,83,84,58,66,99,20,0,89,88,68,70,10,96,98,62,35,29,23,97,67,26,43,87,66,18,50,95,42,62,67,67,74,45,14,50,24,76,76,0,36,98,77,31,67,75,11,64,25,63,40,88,47,60,64,39,64
98,77,35,25,67,26,11,84,38,74,73,47,18,45,14,3,10,30,46,72,9,83,3,44,40,19,33,71,64,83,69,1,80,57,11,75,5,0,43,65,61,47,29,40,85,68,87,35,66,24,50,50,69,82,73,64,65,31,34,6,87,67,76,90,72,28,41,98,21,42,92,32,34,41,78,67,44,74,90,29,49,70,76,14,73,1,88,22,80,27,46,19,94,74,93,62,65,77,81,64
51,7,28,8,16,38,65,91,38,79,53,16,17,43,98,21,32,86,65,70,42,96,4,75,33,62,39,71,68,69,4,43,51,59,88,45,94,38,84,45,46,41,43,75,76,24,57,16,74,5,0,32,28,44,8,22,64,82,1,75,38,76,37,89,16,82,52,92,20,13,50,95,11,41,6,8,90,62,38,6,24,12,77,60,58,92,43,75,43,51,3,87,93,72,32,67,96,96,6,36
69,62,19,8,28,88,59,41,81,5,56,25,87,35,60,27,30,35,9,89,40,6,32,33,52,11,72,85,56,64,79,29,82,2,80,94,44,26,40,54,87,50,98,71,56,82,70,12,77,71,35,5,56,12,32,86,58,31,45,61,13,51,17,71,2,78,9,92,21,49,85,92,31,53,37,65,50,39,47,17,86,75,24,81,41,4,47,57,59,59,50,1,11,23,52,71,23,53,98,46
41,33,8,90,92,6,44,31,87,56,60,18,5,22,89,88,87,30,26,68,21,47,13,21,91,54,6,61,98,74,33,22,80,61,33,20,12,32,48,56,4,68,2,33,85,14,6,93,98,59,26,4,67,20,48,67,60,25,66,72,64,85,38,43,36,73,39,95,78,83,10,61,2,23,20,13,34,58,89,42,70,44,37,26,26,47,6,96,11,19,96,4,63,40,89,64,33,21,80,85
86,45,91,73,24,34,71,20,69,49,65,6,86,1,37,3,83,66,42,84,70,13,55,99,30,85,76,81,35,52,95,75,51,50,12,36,99,91,80,75,30,62,55,87,25,70,18,20,2,41,83,7,51,5,42,19,38,76,86,84,87,57,13,2,79,87,29,32,21,81,23,12,83,92,7,49,88,20,7,62,47,39,38,24,23,73,31,15,3,10,81,91,13,36,94,73,60,1,71,95
8,79,77,28,18,93,50,97,30,36,6,85,76,93,6,40,42,1,35,69,32,16,27,28,28,90,96,77,5,58,37,42,10,13,43,34,61,16,1,6,30,21,89,76,79,47,86,87,37,8,40,77,7,31,23,89,35,17,26,35,43,97,71,13,70,62,31,18,85,5,98,59,13,53,38,53,94,9,63,32,61,80,45,31,71,60,61,16,52,80,8,20,4,52,53,89,28,17,62,22
70,30,0,42,67,33,51,92,61,10,99,95,9,50,36,93,41,94,46,8,77,50,38,9,7,81,13,10,32,63,75,91,67,59,19,89,98,2,8,29,56,62,52,25,15,47,42,78,73,25,27,48,12,52,51,18,74,81,65,72,46,52,81,2,51,88,71,96,39,6,30,1,52,62,7,11,65,60,73,60,98,14,87,79,26,43,96,73,90,66,79,60,41,69,84,96,80,14,55,18
32,78,59,65,85,77,69,96,83,14,75,3,81,47,40,30,53,5,95,93,51,13,47,24,28,95,74,71,26,17,99,48,58,98,21,56,96,5,1,77,38,39,54,84,27,95,65,81,84,31,65,65,7,86,28,45,14,23,55,81,78,44,9,57,6,22,46,62,90,29,37,54,52,5,54,75,97,31,39,54,20,94,2,17,58,36,94,40,25,68,35,78,26,39,4,37,40,32,59,21
41,47,13,89,75,5,92,56,92,27,54,45,22,19,42,6,47,13,42,6,51,55,18,96,62,76,53,88,54,3,98,65,27,7,60,53,67,27,75,72,69,4,55,13,98,30,8,75,27,73,94,89,19,83,43,5,28,80,38,11,20,89,40,94,13,91,52,55,44,8,38,23,33,96,71,37,96,52,25,61,66,76,9,79,59,65,80,47,18,3,51,27,89,95,4,0,91,15,94,68
85,42,80,44,43,16,40,61,92,49,70,60,26,3,4,32,91,35,52,34,40,27,49,56,23,5,61,26,62,61,29,61,24,89,8,1,35,83,86,91,97,40,83,67,3,12,56,12,34,78,99,43,71,77,89,20,84,20,51,18,42,24,64,90,3,44,60,12,8,44,30,2,35,37,89,18,12,9,2,41,30,3,56,51,0,87,76,81,85,44,43,46,38,37,2,82,61,42,57,11
77,47,11,73,89,1,11,61,62,6,41,73,64,81,95,74,33,22,90,93,86,86,52,50,4,4,58,52,55,58,41,5,11,20,74,1,67,2,44,85,83,95,95,15,6,48,64,92,23,35,69,17,95,53,12,16,0,64,87,10,65,92,97,44,57,80,70,19,3,52,21,35,89,12,53,66,7,59,8,18,0,42,55,5,88,76,23,28,84,12,28,14,43,16,49,32,69,91,33,38
58,9,87,22,12,97,73,22,11,65,65,83,18,39,59,90,90,73,53,28,48,71,12,56,46,98,92,77,76,72,64,21,86,15,31,86,70,75,99,63,92,40,63,21,27,52,21,96,64,38,41,92,95,44,35,42,97,69,48,36,18,69,38,28,99,42,20,3,96,83,8,70,77,49,16,83,22,14,98,54,53,17,3,90,95,59,52,94,57,78,96,48,20,25,18,45,60,78,94,39
38,85,46,40,13,5,80,77,19,9,89,66,50,92,87,40,42,39,7,30,1,19,80,35,52,48,31,62,0,5,73,6,51,44,48,61,55,43,39,90,89,31,92,79,22,82,2,70,94,87,90,52,24,5,31,78,72,38,29,95,5,10,65,89,99,50,90,19,28,57,0,32,22,86,94,30,22,53,38,78,9,93,99,66,69,41,48,35,35,7,70,1,53,1,94,37,9,5,86,63
25,94,50,66,7,62,38,15,89,27,83,40,63,6,49,39,10,43,61,23,40,90,77,59,14,5,34,61,62,3,63,80,50,3,85,87,99,62,87,14,36,89,37,73,10,69,86,28,29,22,12,36,6,35,33,55,16,61,88,24,80,94,30,55,26,5,98,76,64,62,85,84,82,78,75,40,40,55,87,59,32,13,26,30,22,53,50,97,23,52,87,48,81,95,81,48,59,88,15,14
11,6,13,74,70,88,76,62,84,25,45,6,59,63,97,42,72,26,43,28,91,67,75,86,50,99,92,91,38,13,28,21,10,7,77,10,31,69,60,35,64,71,40,58,45,77,14,7,73,72,14,98,4,67,80,41,33,66,18,14,30,62,25,84,20,12,89,88,60,8,30,6,11,16,43,95,14,4,8,73,23,95,56,24,36,40,68,83,21,27,75,16,63,79,72,99,35,89,47,63
85,83,84,0,48,24,26,20,0,17,64,10,48,49,23,38,85,8,62,87,72,54,65,58,89,53,51,58,78,72,86,32,20,7,60,85,4,82,77,38,42,35,3,39,30,66,32,50,1,65,81,69,80,50,48,41,42,0,52,55,11,4,70,23,79,47,4,19,96,66,43,87,45,97,41,10,18,8,27,93,64,84,73,71,67,62,37,30,76,21,71,90,17,74,6,99,34,4,75,11
16,15,83,22,7,57,97,3,8,65,38,21,99,11,7,18,22,22,57,27,92,62,7,33,33,33,71,70,76,93,33,80,90,0,36,40,24,58,27,23,28,90,94,39,73,41,89,79,1,95,61,60,84,15,0,75,35,65,98,70,10,2,96,63,5,48,91,25,55,60,16,11,80,70,85,2,96,99,38,86,76,18,6,43,19,57,57,98,6,16,58,99,74,81,46,63,30,61,65,35
36,63,52,41,28,15,66,57,87,38,38,61,9,17,92,90,42,36,96,22,65,24,9,17,42,70,15,61,78,67,0,11,15,34,52,82,89,34,49,62,72,6,68,9,46,80,83,63,46,21,38,72,74,85,14,25,76,35,26,60,7,48,4,69,69,4,68,81,3,5,21,41,67,81,23,12,93,90,97,43,88,50,2,70,38,11,27,61,75,4,34,15,47,76,89,7,6,61,45,51
65,15,51,95,75,38,56,60,80,33,87,24,94,14,39,55,75,0,18,29,64,40,73,9,21,83,83,48,16,47,88,96,54,79,82,53,15,9,47,24,36,6,15,30,75,65,76,90,69,17,83,20,53,31,10,1,19,75,71,2,47,37,38,3,53,2,66,45,75,12,25,83,70,0,85,99,62,52,48,10,50,84,20,24,3,21,40,15,48,26,76,69,92,44,27,5,61,97,90,9
78,98,77,11,87,53,51,64,4,23,13,41,53,4,39,21,66,10,8,23,29,99,42,1,80,58,69,79,22,57,44,47,32,17,80,27,7,68,54,78,89,33,99,30,0,71,9,32,84,53,24,54,40,7,31,57,58,82,57,64,36,38,8,6,76,63,62,44,78,33,58,46,3,59,87,55,85,89,47,49,38,24,20,2,21,57,41,86,16,66,73,39,16,47,42,52,97,51,72,25
89,78,95,67,22,60,78,27,41,2,14,17,37,0,5,55,40,27,90,81,2,40,48,79,21,40,46,69,25,98,18,19,32,70,21,81,41,45,88,25,13,8,23,29,68,16,55,62,99,27,50,53,27,22,3,22,32,90,79,64,81,52,2,89,66,98,83,31,62,3,58,15,67,91,99,5,17,73,10,66,34,47,98,3,39,60,76,67,69,2,62,24,36,26,71,43,2,5,77,72
51,87,48,57,19,54,54,19,92,99,9,51,92,38,2,10,72,74,2,73,61,44,31,92,10,38,1,92,34,11,96,6,4,94,39,41,18,27,43,65,46,84,13,94,20,37,49,3,77,86,47,92,37,39,7,82,4,30,31,47,32,82,55,10,86,45,79,1,55,65,74,41,98,5,57,95,84,67,44,74,60,88,39,80,69,52,21,44,92,81,65,7,64,57,90,33,21,8,99,18
