50,28,13,87,69,80,56,84,19,58,84,90,14,33,84,35,25,84,5,30,28,48,6,16,22,30,52,27,35,83,17,1,73,47,46,49,55,56,62,16,35,50,42,61,58,27,72,62,50,94,3,0,97,43,35,37,2,1,5,74,46,24,17,91,2,72,24,79,60,27,26,30,52,31,48,61,65,74,33,1,55,83,36,63,31,19,9,16,23,92,52,37,53,88,14,96,21,41,33,52
40,24,55,71,68,27,23,11,59,29,39,84,19,49,95,25,99,7,72,98,96,27,88,16,18,31,34,63,61,85,8,46,29,8,99,86,68,80,38,37,6,74,53,77,33,53,17,99,43,91,28,25,5,45,70,9,85,31,69,5,13,93,78,4,91,75,2,43,50,51,47,67,60,74,14,23,18,81,53,73,40,62,30,94,60,78,92,78,97,18,71,90,1,3,64,1,98,70,75,92
88,6,58,48,57,74,69,73,53,74,23,42,83,39,16,34,57,42,21,89,94,85,82,88,10,67,85,3,60,13,51,28,27,33,8,40,45,8,27,59,30,45,44,0,95,73,1,46,42,77,61,65,32,71,35,17,23,21,2,31,68,32,94,10,67,44,5,60,88,74,96,34,56,62,70,13,14,96,59,66,41,55,78,39,62,53,71,12,85,81,33,3,51,98,13,63,50,25,52,88
56,49,18,40,28,4,2,47,81,65,34,56,51,19,7,7,48,50,50,88,41,96,88,0,23,36,10,12,21,45,93,98,30,53,47,46,49,19,40,93,20,2,44,19,47,17,2,90,73,16,15,42,35,66,27,18,12,1,2,92,10,7,32,16,28,44,27,62,2,5,78,7,40,98,2,77,29,38,77,50,40,51,16,78,72,48,24,58,33,63,70,38,52,10,45,48,33,45,41,52
96,66,28,64,33,92,26,73,51,77,76,18,48,85,27,62,62,4,15,65,52,3,89,24,1,55,52,73,47,82,65,64,48,66,41,14,92,32,89,55,78,88,45,37,74,87,96,10,66,6,15,85,91,17,21,65,48,39,27,35,10,45,58,3,29,15,30,52,23,70,75,49,53,86,29,15,29,64,26,79,53,96,17,19,63,26,5,5,61,16,91,41,84,67,6,15,49,65,51,62
99,5,61,38,0,12,80,90,66,39,24,26,76,66,11,51,99,75,74,21,99,32,34,18,53,46,8,1,92,74,90,34,35,46,47,0,68,17,98,39,8,18,52,50,50,25,98,30,50,16,29,10,22,84,0,53,77,33,71,68,87,18,41,87,1,74,94,49,50,38,63,70,88,99,53,93,16,62,69,60,67,60,62,78,49,64,37,6,47,87,93,56,1,24,71,75,15,33,88,33
94,11,84,60,33,33,47,48,95,76,72,11,9,5,55,44,71,90,82,32,39,67,37,4,0,60,44,24,35,33,32,59,2,26,92,27,88,70,48,41,53,66,80,83,34,76,4,47,57,95,27,9,96,97,80,43,52,29,30,82,57,12,6,26,30,66,86,85,66,25,67,96,12,40,87,64,16,72,87,68,69,39,9,9,77,88,92,62,69,68,4,42,31,15,40,25,58,91,27,15
16,25,42,21,8,22,16,42,13,90,70,96,14,63,3,76,7,86,92,25,97,28,11,40,21,33,67,15,52,79,13,45,49,5,78,50,82,45,41,8,22,36,97,46,96,42,18,56,10,16,55,52,96,48,33,0,99,69,5,54,52,66,16,1,33,46,29,67,52,98,49,46,81,46,42,24,80,11,11,53,25,39,77,25,45,74,54,23,33,53,72,5,14,55,69,12,37,98,58,93
58,93,67,70,65,35,82,77,3,24,44,65,77,46,69,77,50,97,94,10,0,78,7,47,4,35,82,97,35,13,77,51,51,91,96,14,7,55,65,22,28,35,17,61,4,60,79,6,40,63,20,45,3,65,26,7,27,29,10,22,71,44,59,86,99,69,65,62,1,79,3,44,35,82,50,28,64,60,56,28,74,38,88,30,1,7,77,50,24,33,41,19,0,81,4,98,81,28,55,36
6,40,22,56,46,73,14,70,14,91,24,21,99,20,10,46,41,50,32,80,68,91,10,24,40,51,0,80,56,49,2,16,15,80,57,46,74,37,65,64,67,29,43,55,74,54,48,84,88,56,18,17,75,84,93,32,52,38,15,39,89,2,20,68,3,24,51,84,95,19,73,41,73,67,63,27,76,85,32,65,88,0,87,96,59,38,82,9,62,92,87,43,76,8,30,62,71,4,83,37
73,10,36,28,49,13,5,43,85,46,39,69,54,19,85,69,78,74,81,27,33,52,53,15,93,71,47,20,6,35,88,26,40,14,49,15,73,95,74,75,39,18,99,18,15,1,43,65,71,83,71,76,23,62,8,18,11,95,82,32,27,28,97,34,91,86,18,59,85,94,20,48,85,56,5,35,53,43,33,2,99,31,77,18,26,95,10,75,77,85,24,61,11,31,0,92,84,49,89,62
23,65,81,35,37,6,6,53,22,0,95,90,21,47,48,50,73,66,7,47,0,5,19,90,42,40,5,30,95,76,48,53,32,83,79,44,70,24,88,88,60,92,83,56,68,52,26,69,44,92,28,25,57,54,15,63,4,29,82,12,21,67,37,34,47,57,17,79,70,65,93,2,45,36,52,26,41,89,70,46,24,58,92,97,1,80,2,27,67,21,0,84,38,83,8,76,47,91,17,11
39,61,79,97,19,0,83,90,49,39,14,72,13,71,32,13,28,59,14,51,89,42,90,55,16,63,80,7,11,99,72,13,54,83,37,44,21,57,68,78,37,66,68,48,24,63,64,20,92,3,4,61,99,6,71,30,38,3,53,0,94,2,49,59,11,17,39,41,84,72,3,18,55,83,42,42,51,35,58,86,44,44,61,84,78,28,18,69,47,89,39,69,15,98,61,52,15,97,58,45
42,30,12,31,4,87,36,42,40,81,42,61,81,45,41,19,45,36,15,21,0,90,80,56,95,41,33,59,31,35,39,80,39,60,46,94,74,8,30,71,50,57,48,35,40,84,64,71,48,58,8,12,80,82,61,64,43,89,19,69,33,10,22,6,38,91,90,99,73,84,55,32,70,51,50,96,4,42,13,80,2,27,99,56,10,27,55,86,93,81,2,94,9,86,18,92,69,10,24,36
78,45,92,13,36,16,87,46,85,81,56,45,56,54,40,1,93,65,89,11,4,71,49,54,20,18,72,95,71,80,53,84,12,49,47,12,29,33,98,82,54,65,87,31,83,86,80,50,9,34,64,97,82,6,4,56,15,36,54,47,8,83,68,36,70,42,99,26,10,69,38,87,56,58,76,85,49,68,52,19,48,65,41,4,29,32,73,31,47,53,50,31,92,58,56,23,83,42,54,78
85,27,85,89,78,34,58,60,90,68,34,86,63,72,62,82,31,91,62,60,46,54,65,29,89,64,7,97,23,55,2,71,10,33,47,69,56,88,58,92,50,15,26,49,98,0,63,60,84,43,16,57,77,85,63,83,74,84,44,56,18,46,29,29,61,9,72,52,47,60,51,87,69,1,89,74,32,29,40,30,5,48,87,78,59,65,27,94,13,65,61,80,45,16,21,77,93,63,11,56
86,32,40,20,73,54,42,96,91,94,13,98,51,15,1,70,26,64,32,89,80,91,5,88,95,83,31,9,86,10,97,61,20,32,80,74,1,70,54,28,63,50,90,78,37,66,21,35,65,84,89,52,96,89,95,16,78,27,17,68,64,80,85,49,58,59,44,61,76,28,64,75,6,89,12,10,67,53,85,2,31,83,47,5,89,24,8,45,27,99,65,19,83,30,41,84,83,28,22,98
19,90,65,55,73,50,25,22,5,9,78,28,32,17,84,53,46,71,37,88,73,86,27,18,20,34,48,3,17,62,25,43,29,88,62,39,35,3,55,33,62,66,70,48,3,77,45,26,75,51,15,5,72,19,44,66,3,15,24,45,85,71,8,28,94,26,59,5,36,54,7,96,98,8,61,22,80,34,48,67,93,50,93,29,58,21,77,18,97,87,99,8,27,45,36,89,64,64,71,82
23,49,38,44,59,78,83,11,52,41,28,87,77,96,86,7,77,3,86,26,74,59,57,29,0,75,60,41,28,34,43,21,29,71,81,84,54,68,66,56,63,48,71,83,32,64,58,72,12,79,96,39,41,43,81,89,75,15,55,23,15,93,23,75,9,28,44,20,15,15,96,99,73,7,77,88,97,70,90,16,48,92,1,30,93,68,17,2,89,16,93,16,21,16,34,41,64,48,68,90
93,14,69,2,16,99,10,53,2,82,26,49,73,45,12,10,73,22,61,31,77,7,38,90,72,93,5,89,72,55,90,57,78,76,50,69,66,83,19,19,36,67,0,2,49,27,7,20,20,15,69,65,82,1,7,73,89,21,38,83,56,75,25,37,33,92,54,32,52,68,91,25,92,29,10,26,65,38,82,41,8,46,6,86,98,70,86,36,46,83,82,81,41,83,89,34,90,45,35,73
29,62,3,93,16,40,57,38,86,97,87,94,16,77,29,88,8,39,12,46,94,62,36,59,82,6,36,70,84,91,50,5,3,27,54,17,96,33,77,34,87,3,82,80,80,61,1,15,24,53,22,58,83,51,43,87,80,7,37,80,52,34,84,29,27,35,13,76,91,4,6,21,6,23,80,66,26,86,42,40,5,25,40,1,58,57,58,46,34,22,1,48,2,96,39,33,65,85,41,56
3,56,93,35,77,24,98,93,0,42,27,39,3,87,78,62,40,36,5,79,27,34,29,10,6,99,2,7,5,99,42,26,29,56,23,42,38,23,32,80,62,51,27,4,49,5,60,68,29,90,50,44,7,52,83,93,53,3,83,63,45,72,4,0,29,78,35,94,51,87,23,62,98,35,54,58,14,28,10,29,33,24,24,38,91,72,47,67,21,61,1,29,8,12,52,13,56,95,32,90
43,35,56,64,98,28,90,54,20,25,87,75,54,20,76,36,69,70,26,23,68,42,48,68,84,63,99,98,85,94,61,4,78,34,61,57,29,27,58,42,98,17,92,63,97,14,35,72,46,93,37,8,5,96,25,2,66,29,21,54,47,70,43,14,38,53,14,7,86,20,28,2,72,43,92,0,99,81,31,11,0,87,54,30,15,16,69,31,67,36,38,72,36,54,76,71,41,62,29,65
82,16,82,23,19,23,97,70,46,37,39,69,28,2,14,78,73,11,6,53,11,47,89,96,19,0,47,67,90,24,84,0,84,96,55,62,75,86,86,52,27,21,7,82,36,16,41,51,47,54,46,73,7,60,84,0,10,61,17,62,84,18,84,11,82,25,11,13,59,25,34,60,31,40,14,35,42,78,15,50,17,43,1,80,78,66,41,42,70,71,58,0,64,58,44,92,45,60,87,17
9,18,33,49,88,98,83,89,61,94,59,80,81,29,76,71,1,1,24,5,76,17,52,99,60,19,89,37,34,52,60,32,35,50,86,96,93,66,77,91,20,26,16,8,47,57,84,28,51,66,24,22,86,22,99,6,15,9,89,54,60,97,70,35,91,81,99,2,58,78,50,64,80,39,42,4,79,1,88,2,47,83,90,97,37,65,97,67,44,34,66,39,31,55,24,8,90,85,30,73
63,50,21,2,49,51,56,29,43,46,20,3,67,1,88,12,56,3,57,42,87,0,26,84,41,43,12,38,51,13,58,25,27,63,71,71,54,69,39,29,12,71,96,90,63,28,32,71,56,73,35,82,22,79,94,56,82,62,0,1,15,78,57,74,71,58,72,1,58,42,5,45,38,2,95,44,43,11,17,47,39,40,39,94,52,77,35,29,85,84,49,87,15,44,10,89,71,55,95,96
3,22,20,20,58,24,41,72,17,93,70,31,43,34,15,76,74,36,95,97,50,67,75,79,40,58,21,43,64,75,70,53,7,22,73,65,14,26,67,80,24,61,77,8,18,63,1,91,60,84,76,65,85,66,67,8,61,36,75,21,17,79,54,92,16,17,64,7,25,97,76,49,78,25,88,85,20,73,61,13,42,40,98,89,79,97,41,43,5,48,90,95,26,15,6,39,31,80,79,33
59,48,32,19,59,28,43,18,47,28,84,22,89,86,56,30,53,29,86,2,51,43,34,27,82,41,67,95,70,56,61,51,2,62,19,71,14,82,3,55,98,33,27,0,81,58,46,0,40,49,14,62,97,40,60,62,64,7,46,27,46,36,31,87,51,49,93,4,70,94,63,64,57,64,43,75,4,92,80,90,40,88,60,30,31,10,92,4,72,60,41,53,22,18,46,33,33,59,77,34
10,54,48,19,18,56,92,81,57,17,0,53,63,95,96,80,78,90,53,15,60,48,14,58,24,72,76,21,52,38,98,3,27,51,19,14,41,32,78,45,75,39,18,10,59,23,71,35,49,72,6,78,73,98,60,38,9,83,60,22,57,86,94,86,66,51,70,63,75,64,46,10,7,52,79,78,37,47,82,45,31,6,14,15,91,55,0,43,87,5,8,85,49,59,55,76,18,8,97,8
4,97,95,71,92,51,87,66,59,37,47,57,62,20,14,19,91,29,18,25,87,66,87,35,46,68,83,27,99,19,90,78,89,17,15,38,51,3,19,19,5,39,67,12,38,53,66,21,84,41,43,73,49,54,88,82,14,64,93,82,28,58,77,24,44,70,53,17,73,38,9,93,91,70,66,66,90,59,87,14,89,29,98,51,56,88,13,28,8,27,14,23,68,79,57,65,34,49,36,14
40,50,8,41,79,66,7,68,88,90,16,11,21,1,62,10,98,42,1,43,54,98,26,86,32,20,23,34,47,80,3,83,92,65,17,62,79,84,59,37,72,93,16,67,23,29,74,79,9,73,31,46,70,82,80,17,50,57,85,88,8,24,29,71,15,32,13,71,69,95,88,15,27,11,2,10,20,99,88,31,24,93,94,53,86,39,20,63,45,17,88,55,16,93,60,21,69,84,63,21
6,59,71,73,83,90,33,83,66,53,24,34,67,31,62,58,65,26,96,79,68,41,18,20,49,63,62,0,45,67,35,30,10,83,61,2,12,82,41,98,84,84,58,83,20,97,27,31,78,61,46,90,28,10,28,92,17,86,49,56,69,99,57,81,87,95,41,80,82,44,35,19,37,79,94,43,2,39,64,27,68,43,59,31,46,7,8,8,49,62,20,80,89,64,47,74,88,16,98,68
64,85,94,98,66,74,25,13,6,34,79,69,88,36,93,59,25,68,1,14,85,2,97,51,72,18,65,19,26,94,10,3,23,17,46,83,69,72,89,20,63,29,96,97,60,94,70,90,72,69,81,33,16,57,11,71,90,35,25,31,13,92,77,78,12,70,91,91,72,29,67,59,87,76,16,2,1,75,94,22,81,15,57,89,4,75,46,81,65,21,7,2,19,47,50,59,78,76,95,20
95,91,13,54,57,91,82,73,37,77,89,40,48,28,6,84,24,25,52,76,54,6,7,75,27,53,4,54,35,36,81,77,16,98,5,41,46,64,56,44,59,91,87,9,56,96,24,30,58,32,99,67,56,7,75,30,32,69,36,8,90,44,13,98,90,45,60,82,79,92,89,38,55,3,31,95,5,51,52,34,70,99,6,39,87,62,5,20,52,82,28,26,81,34,84,22,41,44,41,73
80,12,11,93,26,72,24,56,87,98,18,84,63,19,5,27,53,47,54,78,14,24,69,15,28,30,52,60,39,44,61,36,60,15,39,43,90,81,18,58,88,5,90,95,52,42,62,5,41,31,64,54,57,21,65,44,88,80,40,33,6,54,75,9,42,80,8,76,94,71,41,28,14,51,11,80,53,97,62,17,21,74,31,60,48,79,63,54,78,12,13,20,4,78,63,7,41,75,8,16
54,71,93,98,43,37,31,40,70,35,2,18,27,38,77,48,18,35,30,64,86,14,23,72,27,5,91,1,30,31,99,4,8,83,63,45,34,99,34,20,99,64,38,78,26,32,18,41,15,70,4,84,39,3,63,29,8,61,56,70,30,37,95,25,32,74,18,43,5,49,0,38,94,93,49,31,66,89,53,23,7,8,28,20,35,12,61,32,10,77,45,80,5,85,13,89,35,50,97,72
8,30,29,58,57,35,32,21,16,27,19,4,9,12,72,22,14,25,70,69,28,22,0,68,17,13,58,98,44,27,44,90,26,47,80,18,24,25,34,11,81,87,37,72,58,11,11,45,62,88,6,55,79,76,50,57,27,75,65,64,66,91,60,55,57,71,93,36,69,16,90,2,67,74,22,78,88,2,85,76,88,64,92,67,63,24,14,71,6,32,70,80,72,32,43,30,94,48,18,78
39,88,62,1,94,13,42,28,27,90,67,5,11,32,28,51,62,94,19,60,70,13,7,94,55,2,54,72,17,10,20,0,28,97,39,31,68,53,91,53,59,21,31,59,18,45,28,83,89,18,6,23,36,38,24,35,89,70,67,45,60,71,41,23,70,32,45,3,94,70,58,49,16,7,4,43,1,32,50,92,3,17,30,22,77,47,21,92,86,85,9,91,75,73,12,34,49,21,16,73
97,4,98,49,95,69,84,18,3,54,46,99,29,72,52,40,70,78,8,15,48,96,58,59,24,13,78,13,78,62,42,73,9,46,40,15,12,50,55,78,20,72,94,38,55,1,24,48,38,49,77,77,24,81,76,4,35,22,31,70,81,26,36,81,45,96,27,76,67,48,46,50,96,57,82,88,66,10,64,17,12,70,73,1,11,84,9,63,47,23,53,25,47,84,56,62,1,2,86,40
14,93,20,90,89,17,44,12,31,27,65,69,65,84,13,57,57,33,83,95,79,53,14,79,71,60,23,50,93,68,67,42,61,93,66,72,11,89,36,32,90,61,48,41,36,82,47,93,64,1,11,33,57,73,49,95,40,89,23,48,42,87,23,10,97,5,76,40,60,37,12,94,88,37,55,42,66,25,84,61,86,92,13,22,92,31,10,48,20,52,92,99,4,97,62,13,66,2,34,21
36,12,14,50,35,28,20,62,76,93,41,97,71,28,24,61,9,1,79,39,31,5,5,55,69,12,81,87,13,63,48,61,22,84,93,34,59,25,99,47,59,54,79,19,2,67,10,85,18,83,39,75,12,35,89,24,12,30,47,6,66,83,24,82,21,37,27,2,90,80,12,81,33,56,67,96,80,41,81,67,22,25,76,26,26,99,31,54,63,54,11,11,54,17,75,45,12,99,1,86
68,88,45,81,86,34,77,72,22,6,78,44,16,19,0,56,40,77,20,58,97,86,70,42,7,23,60,22,23,43,65,63,22,3,35,71,94,37,59,44,31,59,91,8,29,65,96,27,68,24,91,40,52,51,85,23,21,57,38,15,77,58,3,13,15,45,85,52,56,23,15,17,27,87,38,43,57,11,77,24,10,71,47,23,44,57,67,40,47,2,43,98,51,93,5,17,64,90,31,47
83,19,74,81,33,30,11,54,62,93,25,79,44,24,49,6,23,68,35,12,97,98,25,30,15,96,7,28,6,36,73,61,97,23,10,7,11,67,96,98,9,91,93,95,82,75,55,43,35,2,52,23,43,15,1,19,80,6,81,88,0,69,78,75,61,52,77,91,11,60,69,51,22,75,45,40,17,14,56,44,74,50,79,22,29,33,44,5,71,57,53,66,33,39,0,26,5,8,96,39
59,1,68,43,75,31,34,52,92,29,49,54,20,63,20,40,5,47,25,77,84,95,9,87,46,39,84,98,83,32,23,91,40,1,41,67,58,67,42,88,90,99,59,89,75,55,12,60,59,79,4,46,89,4,51,65,47,72,26,78,64,13,56,76,12,96,5,2,16,99,36,32,70,76,81,75,10,13,83,61,3,62,33,28,65,55,68,41,85,36,37,64,52,20,86,91,4,30,77,51
55,13,83,90,35,71,89,12,17,88,56,20,94,18,21,67,91,45,92,47,63,80,33,73,49,27,7,80,27,73,92,46,67,11,89,87,67,22,97,35,53,26,98,20,38,71,3,77,71,65,24,98,17,11,92,97,9,27,87,81,45,20,58,26,44,28,10,53,25,99,66,41,59,12,48,9,92,25,66,29,50,90,44,12,78,49,70,38,83,79,29,39,0,50,98,50,99,20,99,29
94,7,35,12,17,65,4,42,73,85,15,85,43,93,56,75,93,95,78,46,12,57,4,36,7,63,11,18,61,17,87,66,27,96,30,76,14,48,10,66,74,64,40,78,24,60,74,42,2,4,64,53,92,86,95,22,61,21,20,68,10,47,94,14,27,10,8,63,94,5,99,16,89,45,79,41,90,99,30,14,52,96,62,35,72,91,99,34,73,11,7,16,31,63,62,76,75,28,81,21
33,8,89,41,13,31,89,32,10,77,24,68,98,96,39,76,57,35,12,17,98,36,84,20,35,4,43,98,28,8,88,97,98,83,86,44,31,89,21,78,82,39,44,24,75,80,13,40,79,66,27,54,21,65,53,56,74,40,28,27,0,39,61,53,92,30,54,6,32,59,88,74,82,88,3,25,87,37,54,30,53,80,75,47,58,73,91,60,21,85,50,95,79,90,39,73,40,16,89,73
35,83,54,0,52,59,98,37,73,39,57,99,54,70,7,81,84,56,29,49,99,27,37,13,36,86,58,71,95,24,91,88,80,42,80,54,91,66,32,42,26,50,89,30,34,7,85,47,97,50,4,45,22,26,3,85,76,48,81,46,6,30,56,1,7,7,41,29,25,9,67,2,93,2,40,52,70,27,89,59,9,97,48,33,80,0,26,8,32,53,38,97,83,4,10,43,66,53,84,40
39,99,36,68,79,82,63,98,90,48,44,31,52,78,3,56,15,54,19,3,78,45,81,65,52,43,59,43,21,76,39,98,47,93,20,37,81,86,82,24,26,71,16,20,65,62,42,70,86,84,94,5,70,5,53,96,57,3,67,44,51,12,56,89,51,73,4,21,55,29,58,70,15,93,18,31,54,51,49,70,20,71,51,54,75,13,34,56,96,41,51,56,51,83,36,95,3,4,89,92
10,86,51,46,30,84,89,96,18,38,59,31,8,77,24,96,25,28,96,55,29,40,38,18,73,19,96,56,38,66,47,76,22,52,69,99,16,33,16,75,2,18,43,55,18,55,67,6,47,11,94,29,44,53,18,85,51,41,56,58,7,63,31,93,71,67,11,71,73,74,36,10,99,20,33,55,30,48,93,42,66,22,62,14,27,95,45,28,8,50,54,67,18,37,64,19,96,86,69,95
71,9,31,59,59,87,20,63,98,93,58,12,43,81,87,82,37,68,97,39,41,95,48,96,95,71,14,89,62,98,41,59,92,37,78,0,43,8,32,78,78,23,28,88,71,83,43,30,34,49,4,81,46,58,77,14,49,53,59,83,96,80,3,75,60,13,15,0,3,17,78,23,68,3,28,64,10,63,71,99,21,24,72,34,45,45,36,88,99,21,83,23,46,20,83,82,10,40,73,60
9,69,91,38,89,83,71,96,15,73,32,52,67,32,1,62,51,17,34,82,89,97,74,23,2,61,93,79,9,46,62,0,18,67,21,89,28,25,61,67,60,49,16,28,30,50,51,26,3,1,83,77,46,88,89,79,42,23,96,81,76,7,59,21,45,65,52,97,33,63,86,99,87,82,52,50,47,65,75,50,25,68,87,9,43,36,7,84,27,51,1,79,71,85,26,80,71,5,10,71
9,95,45,98,55,30,41,3,11,69,99,24,99,57,78,5,94,59,31,97,68,46,88,42,97,26,27,12,49,42,30,54,65,26,0,35,12,43,75,52,23,75,94,96,28,24,5,98,68,99,95,13,24,46,55,55,70,94,80,12,38,0,18,99,23,52,39,32,26,3,10,98,80,10,49,61,70,16,31,38,7,99,98,26,5,46,15,3,26,66,67,50,86,31,16,4,69,20,20,49
18,35,62,52,40,63,19,12,31,87,3,84,40,99,6,16,28,11,70,51,58,33,41,9,55,86,80,35,11,85,67,28,29,94,37,72,57,24,75,99,13,3,90,93,97,69,31,95,99,61,94,55,43,78,94,26,75,32,92,36,47,19,49,49,18,86,30,68,57,30,98,55,42,48,64,55,24,81,49,32,6,89,84,99,39,46,2,91,2,19,62,26,40,92,48,47,65,86,79,3
21,38,88,19,37,75,47,63,0,35,25,78,0,38,56,0,74,11,35,78,38,6,79,96,74,39,93,77,41,94,38,54,96,58,81,3,58,43,1,23,81,28,52,51,70,80,42,95,81,57,16,83,28,59,45,59,61,63,72,9,39,79,73,25,45,47,45,40,87,7,48,17,73,3,61,4,8,23,20,81,35,73,57,9,2,73,43,52,66,51,30,65,87,52,6,0,38,0,68,23
45,16,77,4,14,47,42,39,53,33,2,6,76,73,59,82,33,20,51,10,43,82,97,81,16,1,43,53,7,43,32,75,56,26,38,92,0,13,8,86,70,34,36,80,55,74,36,35,65,89,34,7,16,4,9,50,74,4,10,47,93,61,46,99,76,16,14,82,63,63,10,81,80,17,69,5,60,52,45,34,46,70,10,71,66,72,60,49,88,98,46,26,92,43,65,44,72,66,64,46
86,5,61,20,31,81,70,98,43,88,42,8,32,92,93,1,22,93,17,43,36,45,8,84,6,56,46,88,42,48,97,26,95,64,95,77,89,44,44,74,19,34,96,81,65,21,81,33,61,53,18,57,62,15,72,71,74,79,91,13,92,53,64,66,26,23,89,0,48,53,7,92,66,81,82,34,20,34,29,48,35,61,94,59,33,99,13,78,29,33,53,93,77,23,33,95,51,63,95,16
2,67,23,69,56,19,32,63,56,0,31,72,66,70,71,62,82,32,80,41,9,95,5,90,25,44,50,66,47,35,93,88,74,44,41,33,34,49,68,61,18,11,94,31,69,26,51,50,51,65,66,8,82,86,54,26,26,86,44,50,42,84,40,84,77,3,75,63,50,29,95,68,41,86,21,50,66,41,93,63,7,16,52,79,9,84,4,3,34,64,17,48,14,81,37,53,7,99,37,12
47,2,25,50,19,74,91,77,86,88,82,35,33,20,50,9,31,36,79,55,69,79,46,3,70,81,31,27,92,16,52,96,63,39,53,98,2,47,61,37,47,24,7,40,13,33,17,85,19,48,57,32,7,77,10,65,52,20,16,96,12,83,70,73,96,36,25,93,69,74,89,7,73,33,6,63,74,33,98,49,2,3,26,33,30,94,82,21,73,69,91,55,86,33,22,6,28,61,7,77
78,99,32,55,74,54,28,10,52,98,37,73,87,86,36,1,37,24,50,22,45,11,1,21,26,43,62,24,38,90,46,94,73,7,26,60,4,16,23,52,76,60,28,38,98,41,62,55,16,71,11,32,21,34,11,98,64,16,79,88,22,75,14,7,18,22,59,19,99,87,6,66,69,47,63,89,72,91,83,64,8,22,18,66,44,53,67,98,22,44,90,65,77,63,49,94,19,79,88,23
84,19,52,71,92,84,37,23,54,71,89,53,43,26,88,90,15,74,94,57,48,93,90,98,72,7,68,84,36,39,32,1,2,51,90,97,85,41,96,77,17,48,75,27,81,5,5,40,42,28,14,0,1,47,45,20,54,46,17,68,71,77,6,47,22,28,60,83,6,99,72,18,38,96,81,84,62,79,60,71,55,8,2,96,0,80,40,72,53,18,60,34,99,88,61,29,10,79,57,18
35,56,49,27,40,63,97,25,31,18,93,97,24,17,13,35,0,24,18,63,41,78,33,18,44,15,74,63,24,10,76,5,85,79,52,66,69,11,47,36,62,60,79,39,80,71,48,79,74,16,74,34,13,97,31,2,0,70,43,36,30,33,92,14,27,8,61,18,73,59,19,4,12,4,17,72,96,15,38,56,49,53,70,91,71,86,40,10,52,77,79,11,34,96,99,88,48,77,23,31
29,79,59,83,69,66,17,73,27,90,9,57,74,58,76,77,62,20,25,7,91,14,56,24,72,71,69,12,79,90,82,83,28,33,15,63,66,43,6,26,30,96,16,74,52,98,20,11,86,33,63,15,86,65,26,88,27,3,36,32,40,31,17,56,25,2,86,64,99,20,18,71,70,70,71,8,91,15,0,89,90,48,2,19,80,25,35,5,18,51,54,77,30,78,12,90,82,77,24,33
51,64,96,63,74,31,1,80,55,44,1,36,49,77,69,99,46,86,47,16,46,48,83,44,84,54,65,75,24,85,50,40,4,80,10,43,9,13,9,58,53,94,19,83,6,30,28,10,64,93,91,81,91,51,9,27,41,95,40,73,76,52,13,79,9,75,38,57,29,31,89,96,52,69,14,76,25,93,64,51,24,51,42,38,0,16,11,2,92,38,87,82,94,35,90,7,34,12,56,39
73,90,73,16,95,18,43,73,44,68,85,20,90,65,70,85,11,74,67,63,34,72,5,17,37,54,34,29,94,96,49,36,54,5,82,71,56,59,25,41,92,30,6,34,93,0,62,86,50,42,72,31,20,93,8,19,37,17,89,42,97,35,27,28,94,58,23,44,17,29,39,82,92,2,13,84,53,66,29,24,86,42,13,1,44,3,4,60,8,79,57,26,26,79,25,2,45,2,69,64
82,93,69,48,51,81,68,54,74,61,3,0,55,16,85,93,95,67,43,61,65,44,74,40,51,0,81,93,63,0,87,81,98,58,40,88,23,73,24,92,50,12,50,89,13,89,86,83,89,21,71,92,49,68,57,13,41,6,71,47,33,21,24,55,52,59,12,59,45,34,62,45,21,31,93,53,12,26,64,55,82,54,80,76,32,35,55,48,37,9,84,50,1,25,52,95,23,23,75,79
65,45,72,64,56,2,94,34,2,6,94,71,70,93,52,26,50,29,4,92,51,27,35,98,95,54,71,47,59,16,93,21,82,96,39,32,84,28,83,36,7,98,75,85,98,61,6,51,87,64,79,59,77,19,83,39,99,15,59,47,68,83,76,44,44,13,40,93,91,77,71,26,69,12,42,25,28,56,93,41,13,96,87,93,32,75,65,15,64,67,32,1,17,34,0,81,92,71,74,35
6,21,59,57,65,50,95,78,31,28,2,86,29,12,77,43,31,57,27,33,88,65,68,64,3,84,27,19,96,60,29,2,62,63,9,11,78,18,87,64,8,61,85,71,11,30,62,14,20,36,33,34,47,69,50,38,95,81,95,48,8,96,62,31,10,5,52,12,92,35,34,35,76,26,25,65,5,14,97,65,89,78,46,44,22,50,72,58,87,75,90,21,80,19,77,76,51,76,60,36
74,10,96,82,65,69,54,78,8,57,31,33,49,6,84,59,79,9,18,5,22,66,56,73,1,37,76,7,80,54,31,96,56,90,61,6,71,53,23,37,16,20,83,18,20,12,63,24,70,90,9,19,81,97,17,55,87,4,33,41,55,21,42,93,30,28,71,36,23,47,79,92,42,17,56,95,56,65,59,36,45,24,40,86,25,86,61,53,11,99,99,20,43,90,76,79,60,43,53,11
75,10,16,2,66,8,74,82,63,11,32,72,77,0,50,85,73,1,36,26,70,80,73,56,29,93,35,68,79,83,80,22,99,13,13,3,69,55,2,98,61,33,9,56,64,41,30,40,36,15,36,95,32,83,39,99,97,56,45,37,95,52,22,72,85,36,63,69,19,98,43,82,95,17,37,57,92,40,29,21,95,34,18,32,82,30,24,81,72,36,50,53,70,65,42,3,13,30,78,18
88,89,79,40,94,18,2,9,86,64,10,89,24,63,92,30,4,68,71,12,79,22,74,62,64,12,48,80,28,1,79,92,24,79,47,65,49,45,26,47,72,93,24,98,15,30,64,86,9,76,43,15,73,41,66,82,60,60,59,6,73,38,52,78,27,41,36,66,87,48,40,40,69,45,42,22,56,25,42,36,8,53,25,66,49,86,39,48,76,93,92,56,55,78,19,69,66,66,46,30
18,44,51,65,81,60,86,19,99,36,88,3,28,67,20,96,47,21,92,63,13,30,17,73,67,13,93,8,63,45,45,11,56,56,89,47,60,93,17,94,53,79,90,73,63,19,0,47,14,52,1,22,91,40,1,7,51,16,89,31,66,88,4,71,69,9,81,9,58,33,94,70,31,66,52,21,49,85,39,53,93,88,41,39,57,21,81,71,65,56,58,89,45,40,92,76,92,18,39,70
63,56,79,3,88,52,77,24,83,45,30,25,47,95,31,79,94,90,39,20,21,59,40,14,30,62,32,44,28,27,2,1,71,87,12,87,26,41,2,49,42,77,90,58,42,22,92,53,17,68,36,88,73,30,89,12,69,32,84,78,19,53,83,9,84,47,83,32,60,46,39,58,64,58,40,31,40,78,66,57,63,93,62,43,92,89,57,69,20,18,90,2,50,47,30,38,0,47,65,95
2,39,83,10,89,68,38,57,12,18,64,95,16,2,26,49,47,69,80,35,75,37,40,28,25,41,88,18,64,5,35,58,78,7,16,56,79,43,16,82,91,92,64,7,21,60,72,89,91,99,59,40,75,27,85,5,31,44,11,22,85,93,38,62,20,20,77,69,67,56,81,75,33,8,61,62,35,57,25,70,45,7,75,10,36,22,42,33,9,6,22,99,16,26,42,38,77,11,31,70
95,59,31,42,39,51,47,6,93,33,36,11,75,26,74,95,84,91,28,65,39,51,28,7,94,19,55,10,59,80,38,91,33,84,99,78,96,87,56,24,23,0,46,28,78,17,27,83,65,61,52,36,81,56,99,9,39,61,54,54,33,81,44,41,22,11,39,89,39,90,31,0,11,74,21,3,33,9,44,73,37,88,60,18,43,39,94,69,9,58,43,88,7,2,91,37,43,6,60,4
53,30,50,32,2,32,78,30,61,17,28,39,65,12,21,70,44,35,99,8,67,24,73,22,89,86,24,98,87,29,79,34,95,50,92,65,71,88,25,83,51,23,45,80,67,52,28,90,87,4,65,33,45,84,28,49,75,73,52,54,10,67,47,75,92,36,28,55,48,34,64,89,87,55,28,33,84,24,48,29,35,53,58,72,96,66,26,4,0,13,63,47,92,83,68,27,91,89,82,43
83,26,76,39,68,97,50,79,67,79,28,89,2,19,91,72,37,80,80,41,80,41,8,66,78,72,51,0,57,69,77,99,27,86,97,67,57,69,24,62,93,73,39,95,33,18,5,93,46,89,81,29,17,98,30,31,61,41,3,81,79,66,51,7,81,98,12,25,92,32,81,82,1,85,60,2,89,18,12,23,71,38,89,79,74,44,20,38,33,10,6,3,43,41,33,93,11,55,84,47
78,53,1,93,89,62,71,72,44,30,37,44,76,44,83,18,63,79,20,45,97,8,99,78,1,85,51,59,37,52,76,89,48,81,59,5,3,6,70,8,55,47,40,31,3,68,31,97,48,20,5,87,57,34,93,37,67,38,24,44,58,49,31,90,11,31,28,53,90,40,99,80,61,74,51,9,39,57,27,62,26,25,65,9,23,2,73,32,47,6,89,49,19,42,50,30,24,84,68,55
38,57,53,89,45,0,31,63,45,89,63,96,53,37,14,40,21,82,33,94,9,17,11,72,64,31,34,36,55,54,97,68,6,5,56,51,48,71,41,77,0,73,30,17,79,5,21,96,97,1,43,1,36,40,68,7,85,45,68,62,43,54,66,86,21,92,50,56,32,35,40,41,92,19,65,51,92,2,72,56,96,64,23,97,46,65,43,57,93,11,75,21,85,58,85,55,38,43,42,0
96,80,50,9,2,12,66,18,65,59,47,54,3,41,44,6,74,2,2,84,18,54,39,88,93,67,0,7,43,49,23,98,76,83,5,37,11,88,83,70,62,21,27,51,71,27,62,43,62,96,14,70,38,5,19,45,74,72,50,0,10,64,94,18,22,90,17,54,83,50,0,68,20,27,36,39,16,48,53,41,1,87,74,31,27,58,73,57,77,86,37,24,21,55,79,34,60,69,80,74
85,17,83,47,93,77,25,19,18,26,78,63,47,31,22,57,34,19,41,50,69,26,32,57,16,19,83,83,35,63,20,71,10,41,67,16,84,33,8,88,14,78,74,39,62,99,40,33,99,47,63,41,18,87,82,81,68,31,3,30,60,98,79,26,33,89,71,91,28,97,34,94,32,31,72,45,58,65,52,85,99,68,0,0,46,88,46,86,5,90,60,90,58,45,90,67,11,99,27,57
17,58,84,8,37,63,83,64,65,41,91,81,72,37,0,23,37,50,66,13,65,56,85,52,28,19,52,0,30,83,66,28,29,0,54,87,18,90,36,10,30,48,19,38,1,59,16,69,4,74,31,49,24,94,1,95,36,93,30,77,30,76,59,85,56,67,36,35,82,82,77,44,91,54,23,43,42,86,75,19,12,42,28,64,36,90,11,37,73,90,7,22,48,92,71,23,82,90,20,29
48,19,77,84,24,16,35,21,88,47,92,90,81,26,46,47,37,39,90,0,26,51,92,23,21,67,73,92,0,8,80,44,74,54,12,99,72,35,28,48,38,44,78,29,17,73,35,8,58,24,43,25,30,34,53,31,42,63,72,76,27,22,84,17,75,26,77,22,33,27,3,79,16,34,37,91,87,15,31,36,56,5,19,71,23,7,53,84,44,63,25,19,21,6,24,45,10,89,22,67
57,88,11,7,30,38,84,11,52,29,44,28,97,76,24,44,97,48,22,57,49,10,1,78,18,53,58,82,81,0,91,0,23,52,55,79,82,37,42,87,14,43,62,66,42,33,81,55,19,20,60,86,26,1,60,14,54,12,47,5,80,36,58,68,63,15,10,36,77,40,58,14,74,83,28,91,80,21,93,95,38,79,1,8,58,63,9,55,85,11,51,47,62,47,61,9,30,25,72,69
33,17,23,25,28,92,66,85,84,79,19,91,42,49,16,53,35,99,0,76,5,42,9,38,50,99,53,64,93,58,49,26,89,66,42,60,98,92,65,40,96,18,65,30,9,64,52,18,45,34,68,80,66,9,92,30,5,29,66,80,39,95,80,27,86,55,30,10,36,31,11,45,15,32,37,70,90,8,61,1,50,43,36,35,57,75,94,86,56,40,12,69,96,99,75,47,97,32,13,25
25,44,63,21,4,82,7,8,53,21,25,21,20,96,97,74,98,43,51,72,76,99,10,99,27,40,34,91,60,60,34,93,34,17,72,37,49,83,30,94,13,45,70,32,13,64,2,34,72,61,92,10,74,46,44,37,3,59,86,12,69,80,2,94,61,91,87,14,90,65,12,34,36,39,25,50,20,5,20,86,86,13,54,84,2,41,18,10,25,43,1,82,52,3,21,64,30,36,58,9
9,17,14,36,72,7,42,37,6,42,15,52,39,8,38,21,1,67,23,15,49,82,58,81,59,98,89,60,2,71,91,60,80,51,81,27,5,66,74,6,26,76,86,8,53,39,13,31,22,11,2,82,48,78,45,16,79,1,90,42,20,55,20,41,15,30,89,90,70,1,67,91,46,47,58,72,31,19,78,89,64,13,14,78,28,85,19,12,90,43,31,85,98,45,0,15,94,9,11,45
98,39,68,49,47,89,24,42,50,44,29,84,65,75,67,75,17,58,42,14,3,83,83,86,85,48,93,33,22,31,43,17,30,77,5,31,45,58,4,38,90,5,19,54,24,82,97,80,57,40,21,80,76,18,89,27,22,37,97,75,49,36,45,73,44,27,81,46,93,17,62,56,64,53,87,57,59,62,38,59,26,67,47,68,55,37,94,38,40,74,49,31,85,90,99,60,31,27,91,76
95,16,95,80,37,56,86,87,93,24,0,55,73,20,6,94,91,38,18,51,13,69,44,44,17,66,27,45,92,74,33,68,75,42,68,33,21,48,11,96,10,44,51,59,57,5,45,86,97,96,85,77,16,98,44,70,69,22,61,20,94,26,61,15,79,82,27,93,40,10,41,32,81,95,8,52,47,14,34,62,27,93,15,42,17,35,67,24,87,4,9,32,0,98,1,86,61,4,47,63
10,19,20,48,41,43,64,23,0,0,40,94,90,27,2,99,69,86,79,44,54,58,0,67,16,64,38,26,88,6,32,95,17,78,47,34,34,30,66,3,47,73,88,51,84,46,38,61,73,0,84,78,6,42,63,70,98,88,2,68,88,61,47,48,28,37,75,32,56,4,93,82,7,69,35,92,57,60,99,6,30,28,96,12,42,55,9,78,32,11,34,26,28,81,57,48,86,72,27,18
76,53,32,22,97,4,67,3,99,8,6,55,36,75,56,91,57,61,90,46,77,74,54,62,7,53,96,8,50,17,34,49,82,34,74,51,96,27,43,48,0,38,0,63,89,8,78,51,12,99,80,71,42,53,88,79,43,38,5,26,75,49,31,18,79,35,88,31,62,35,38,2,20,93,33,57,43,5,12,80,81,56,39,47,35,60,72,11,65,14,42,86,54,87,79,61,87,35,6,47
11,98,58,6,37,76,28,11,76,99,60,48,77,22,90,84,44,27,38,17,14,24,73,30,57,48,99,65,0,65,41,88,49,3,91,9,8,36,35,49,80,56,17,83,67,57,62,4,5,46,98,83,59,99,39,46,43,85,44,61,83,5,13,72,68,55,98,68,69,79,95,9,31,82,42,72,68,91,11,84,70,99,97,59,36,72,21,91,75,22,99,87,69,83,19,69,23,72,64,53
70,98,4,43,73,69,92,11,88,29,66,13,33,40,37,12,59,56,93,50,92,42,61,15,60,86,12,44,28,85,66,45,1,56,65,83,92,69,84,86,79,1,11,17,90,92,45,73,83,6,22,69,71,7,36,28,59,59,47,71,27,1,63,98,40,16,70,46,48,73,5,77,17,98,15,59,95,29,45,51,50,2,55,73,7,59,3,46,69,38,24,57,6,27,97,35,48,33,44,95
28,71,64,15,37,53,12,68,27,85,13,59,59,6,65,79,98,0,13,31,82,34,85,15,91,6,62,71,41,38,0,81,76,52,74,53,21,57,97,56,13,94,94,48,32,8,12,80,26,82,31,48,88,63,41,0,30,29,6,85,19,22,53,51,3,11,22,76,79,15,84,50,23,99,65,87,36,28,2,49,11,44,1,57,11,85,86,58,76,79,36,85,38,62,20,22,98,47,11,99
19,1,10,81,35,35,58,60,41,22,32,5,98,82,31,93,26,48,35,45,14,56,45,17,39,73,7,80,27,27,81,79,6,9,5,67,29,39,14,0,52,64,86,44,97,21,43,76,72,72,53,39,6,65,11,99,73,10,37,50,52,44,28,66,20,62,74,49,4,8,68,68,27,24,86,36,7,49,86,90,30,26,16,64,88,67,11,32,63,57,25,14,12,83,75,88,53,13,0,89
54,12,23,78,64,0,6,61,11,87,80,42,1,68,62,13,4,21,17,33,96,93,95,23,92,75,57,96,66,10,18,62,31,29,34,71,13,44,74,21,8,16,54,50,98,4,78,0,48,51,67,3,94,65,28,2,27,53,95,15,95,16,36,0,77,53,40,42,97,79,10,14,42,95,28,13,99,54,65,17,24,15,81,61,12,98,64,22,15,41,78,38,50,10,15,82,73,28,41,62
57,82,80,5,89,8,86,52,94,49,7,46,68,10,99,6,43,15,95,37,30,84,46,86,70,76,51,84,34,39,11,71,1,61,78,60,61,46,8,63,11,56,59,94,53,53,24,67,54,52,99,28,92,48,99,72,53,74,30,43,31,67,8,27,1,9,43,59,70,54,21,9,16,40,74,29,51,27,29,42,17,46,42,15,68,72,37,21,59,82,44,96,81,98,41,61,52,0,85,82
11,43,0,32,70,4,92,53,37,54,75,4,18,95,83,10,85,49,45,79,37,5,25,31,38,17,51,38,65,96,74,8,12,96,76,16,13,48,38,66,63,25,68,7,87,10,82,0,18,80,75,59,16,65,39,24,82,99,15,61,13,19,70,98,4,69,77,48,66,49,33,50,7,42,45,65,63,14,31,41,62,64,9,53,86,23,91,8,26,90,22,23,97,63,21,43,76,20,44,58
34,37,52,13,88,15,96,11,25,68,55,15,10,38,27,73,90,54,65,63,94,21,62,20,37,98,18,12,76,52,97,6,76,99,74,63,90,12,59,2,15,56,71,97,97,11,7,31,48,51,76,61,81,69,90,0,20,46,94,79,63,69,57,77,33,85,64,74,95,60,57,82,80,49,9,29,79,45,2,94,2,94,5,92,37,89,49,66,72,39,72,38,19,98,11,10,80,68,88,79
15,76,33,18,74,9,63,89,93,2,16,41,49,88,92,6,31,53,79,40,35,40,54,1,57,62,22,69,21,45,75,30,67,87,40,20,5,46,3,14,75,99,75,88,29,21,8,97,9,89,12,32,73,15,51,6,71,58,25,15,67,40,37,49,78,97,27,43,7,82,60,90,88,92,19,75,29,89,83,92,99,3,27,80,0,21,81,17,25,37,46,55,48,15,24,66,40,64,77,58
