319144610,437213774,332378719,415234424,323379856,444966829,320566399,263741527,230045975,184562641
360995099,428512152,331753946,411415263,327769583,463023568,333008958,242262361,223639623,199345280
347236704,443129664,349506159,457623474,286117829,492895331,307332654,301498856,220321463,253779165
200694935,270576505,260880556,277982857,209206272,287556970,212036837,209224634,165262050,150234956
264922160,367918767,331157686,366719311,210747523,415523152,286285637,252940052,209460208,211884861
247712693,313090457,258867392,350957193,246196802,324153956,238586613,219384067,141996168,146329307
320043626,399148701,364727656,415741815,234789065,454402821,360279903,252051132,248925567,263583476
249198866,333692684,286837038,325386247,216759921,367690350,217838139,217488912,191505894,177267015
260393912,314136725,250583159,306756731,205178671,327569021,230675268,192784005,174554438,184393492
283243746,331596803,247368019,322573102,179257455,380266503,273785479,193259655,202917434,258188963
