42,33,6,78,86,47,98,37,86,53,81,45,8,67,53,93,70,27,60,50,18,66,3,24,66,57,15,13,56,70,66,37,13,60,18,0,72,58,82,22,7,59,57,11,16,82,63,40,19,99,57,35,72,31,36,27,46,32,64,23,72,42,53,27,2,59,56,58,81,6,87,79,83,27,31,98,6,99,50,16,64,2,49,83,13,8,91,39,76,99,52,48,52,58,84,95,61,64,90,59
46,19,24,83,78,78,72,18,33,68,23,5,37,29,85,86,52,14,27,98,50,94,77,70,9,7,2,89,20,98,33,44,91,87,54,82,0,49,39,70,18,99,56,65,40,90,22,52,89,17,95,37,39,92,46,85,21,26,30,41,8,1,26,38,28,49,31,27,19,66,78,10,4,9,60,84,89,65,36,87,82,41,80,34,19,69,47,79,45,32,91,42,49,42,80,76,49,62,60,78
72,5,43,21,92,22,32,4,32,36,91,59,26,67,73,58,15,59,73,22,50,12,98,32,36,6,96,88,7,86,85,95,8,65,62,49,4,66,75,30,1,64,85,68,71,39,67,21,61,15,90,4,21,99,60,60,72,46,92,95,38,56,15,49,19,9,65,49,76,0,20,59,30,87,50,89,8,76,78,94,82,68,20,68,77,12,95,28,83,21,7,67,52,83,63,77,70,70,92,20
94,83,51,24,67,14,45,47,16,84,98,89,90,78,25,0,76,94,0,55,86,13,79,95,76,94,61,23,4,9,22,13,26,30,63,8,67,55,49,75,17,99,60,81,28,48,71,28,62,30,73,12,8,36,95,93,91,40,87,91,42,20,73,46,55,82,84,7,13,24,53,24,37,78,92,43,24,62,43,92,48,99,40,17,82,9,49,87,80,3,66,79,96,12,3,14,23,76,58,68
96,57,31,37,26,98,86,23,7,76,5,81,50,27,16,37,78,80,74,69,2,24,24,29,36,0,78,4,40,63,24,54,27,57,96,70,68,28,45,63,11,29,34,49,49,50,54,22,11,31,34,51,93,84,35,72,85,6,53,90,54,33,0,71,84,28,45,20,89,18,63,31,81,53,25,0,67,28,3,0,35,80,52,49,50,42,80,65,41,87,67,23,33,13,96,41,78,59,51,65
91,22,0,52,8,6,81,11,4,77,35,58,85,79,79,6,38,48,64,36,63,45,58,66,48,30,90,71,47,33,74,19,60,2,15,95,5,86,23,87,43,40,82,2,9,75,86,13,5,2,29,71,83,36,49,16,16,57,69,57,89,48,43,77,8,69,71,43,49,52,13,69,92,75,3,49,49,63,21,21,10,82,82,42,36,25,43,25,46,13,69,41,75,8,60,83,31,65,10,10
80,74,52,20,3,97,25,45,89,67,63,18,97,44,8,64,75,12,88,21,32,81,61,20,34,50,3,89,42,35,80,53,31,62,40,96,1,93,99,57,80,2,80,90,53,51,74,27,35,32,57,12,42,70,29,89,46,73,75,21,64,17,64,49,58,45,59,64,3,18,40,34,52,68,2,79,76,29,74,87,67,88,31,5,84,54,27,65,37,5,74,2,85,2,16,47,82,89,86,68
72,66,31,91,25,3,78,35,2,18,1,7,11,23,51,35,47,34,77,92,44,73,68,46,66,46,9,2,81,93,1,43,52,49,22,27,57,95,82,95,51,36,68,49,70,93,19,27,95,46,96,72,95,19,26,81,65,36,41,47,90,77,82,15,93,12,23,5,2,83,14,84,82,28,5,33,79,84,45,31,77,11,79,76,61,85,11,42,16,6,36,56,54,45,50,14,93,60,83,78
69,94,30,90,40,42,66,23,77,28,70,87,48,98,36,38,81,6,18,87,59,11,23,54,41,47,39,99,9,31,19,49,8,8,25,15,70,99,52,54,72,44,69,89,3,9,5,84,55,80,60,39,78,89,64,17,49,8,93,94,18,47,54,38,86,99,6,14,96,27,44,96,83,17,24,9,65,65,66,68,46,46,78,22,82,63,52,63,45,12,57,83,16,35,42,0,32,81,8,9
51,43,94,14,41,80,58,94,49,89,50,42,3,72,66,74,28,74,56,55,26,44,1,21,27,74,32,37,47,93,22,46,81,19,98,85,74,60,53,37,54,37,72,35,78,65,1,56,19,36,27,21,40,28,57,83,47,31,38,9,22,78,20,92,73,61,67,14,60,66,11,63,5,79,10,31,15,48,48,55,62,67,1,35,14,45,48,74,12,44,18,28,5,9,41,50,58,59,57,35
24,57,57,26,70,72,57,53,59,46,53,72,1,58,76,25,0,57,71,21,98,84,10,65,20,54,69,65,21,2,9,11,4,88,82,92,40,69,76,61,45,65,0,79,55,70,37,22,93,41,72,7,74,5,13,94,6,20,69,34,98,51,78,73,7,13,83,41,35,68,63,68,93,93,57,83,89,47,78,50,76,98,11,28,6,69,84,66,51,21,62,92,49,14,20,25,1,18,49,68
52,25,41,3,83,73,57,36,96,66,63,90,23,42,1,33,34,28,65,6,41,3,8,58,48,13,49,12,22,79,95,65,84,14,21,84,71,5,39,56,58,55,11,5,25,52,32,0,69,87,91,3,98,59,44,32,71,73,42,0,25,91,61,0,95,48,90,17,75,51,9,42,87,44,12,25,54,99,10,41,84,43,68,12,64,89,1,1,55,75,80,61,21,81,40,83,64,56,18,9
21,29,41,9,75,49,88,55,16,69,17,9,8,10,34,12,35,48,98,50,73,34,55,5,18,82,19,82,85,9,29,37,42,73,69,35,42,1,78,15,13,6,28,18,38,45,88,33,4,6,34,61,24,71,34,20,64,85,49,96,88,53,90,99,75,55,58,58,21,17,34,45,76,1,93,89,89,59,0,97,16,53,52,67,32,53,2,39,90,41,90,23,47,96,54,72,81,62,73,56
39,67,18,36,20,75,20,27,85,52,63,98,0,66,43,88,32,28,78,49,67,91,30,76,73,29,8,64,8,20,13,95,8,63,17,32,33,1,12,56,97,75,28,21,65,40,84,6,31,80,98,41,52,38,9,93,26,85,62,47,80,27,48,96,14,72,96,24,73,26,7,21,3,39,56,66,50,12,71,35,15,78,71,29,43,66,11,86,0,93,19,47,32,86,32,68,24,8,18,82
40,39,86,14,88,24,58,76,10,3,82,83,93,70,22,34,90,96,70,41,98,62,86,77,80,36,26,47,67,76,73,48,21,53,76,60,41,5,19,95,26,63,31,90,25,14,87,55,53,45,99,40,23,1,80,77,99,48,90,25,59,54,36,12,48,12,56,69,74,78,96,75,67,97,79,61,39,82,64,29,18,82,57,59,1,34,50,82,50,15,46,17,83,27,43,80,90,66,51,49
4,85,75,92,54,13,42,64,48,0,72,98,66,50,92,91,77,67,17,43,28,39,74,36,25,56,20,71,12,6,71,59,22,54,71,50,25,39,78,50,15,51,96,22,46,41,38,31,8,8,12,33,85,60,37,53,35,34,78,40,76,74,75,99,61,16,69,1,22,74,16,20,4,2,5,79,39,4,67,86,23,61,38,49,89,75,43,37,24,99,29,49,8,19,57,57,73,60,72,85
59,0,68,34,97,61,7,6,96,94,75,20,46,72,8,41,33,17,26,78,0,64,29,64,55,16,12,94,61,20,39,90,63,8,41,54,74,38,30,0,78,36,39,49,65,98,35,84,1,14,94,48,2,78,85,85,65,30,73,7,28,45,67,12,35,92,39,84,26,46,66,80,28,15,26,67,62,59,37,89,32,18,0,33,26,7,13,85,25,71,78,23,58,30,5,46,92,76,94,79
70,72,21,20,55,63,57,98,73,78,6,26,4,76,95,84,18,5,64,88,9,15,43,43,81,62,13,13,20,2,11,18,2,41,17,52,16,69,50,48,9,44,99,83,77,35,66,30,15,58,26,86,94,39,15,14,13,62,20,49,50,52,49,56,53,82,70,23,38,95,65,43,86,55,32,55,23,46,68,50,82,21,44,71,33,66,62,57,24,69,25,72,88,21,84,73,79,84,69,14
72,23,7,99,47,40,43,14,74,11,82,32,72,91,59,13,56,29,96,9,89,27,1,88,99,36,68,30,79,25,2,30,74,68,98,38,19,87,41,60,33,79,33,90,17,18,59,24,26,9,85,34,5,52,63,26,16,14,0,18,61,96,24,28,42,38,57,25,30,50,1,19,63,41,2,34,86,2,77,58,58,40,70,87,75,11,59,74,14,48,46,35,86,70,93,23,58,17,15,43
3,99,10,81,74,1,78,64,92,81,53,89,25,93,95,49,97,66,45,13,30,47,91,99,18,42,34,73,14,85,54,54,5,22,70,61,45,2,2,11,42,29,51,58,16,69,9,71,30,40,43,99,35,74,41,25,72,35,40,91,24,79,77,0,61,71,5,27,69,65,94,20,30,62,35,91,45,17,28,26,53,40,79,94,50,41,85,5,73,34,19,49,38,45,14,3,78,70,6,13
62,37,73,23,61,95,9,76,80,91,14,30,36,82,74,22,34,47,87,7,72,62,15,78,26,26,53,34,65,12,79,90,27,74,93,22,49,68,89,76,1,27,49,40,13,4,16,57,17,97,35,88,70,25,50,36,5,20,71,40,22,51,5,11,83,92,22,48,18,93,30,82,23,80,11,11,5,49,56,1,82,19,69,55,6,2,42,22,66,80,45,79,19,76,77,26,67,5,94,82
21,62,29,40,59,59,38,74,30,50,56,36,20,68,39,6,58,69,89,51,89,62,74,11,83,0,68,42,49,54,20,66,63,72,81,2,30,59,56,44,5,60,14,17,77,62,24,33,3,8,75,52,6,12,12,18,49,84,68,88,41,39,49,3,92,48,50,19,80,60,27,97,85,43,48,61,21,87,65,41,82,57,55,76,45,84,28,11,78,19,30,86,98,18,57,48,64,36,44,75
50,17,12,84,93,41,17,66,79,27,54,72,28,95,9,78,98,77,58,7,92,67,4,62,30,14,8,67,59,59,71,27,70,31,9,31,17,91,14,85,2,23,66,17,56,19,13,93,78,36,4,12,8,48,41,19,28,92,9,28,48,14,29,45,7,77,17,22,49,29,19,73,5,12,93,94,9,54,46,19,21,6,46,26,65,99,64,1,23,39,86,87,25,58,70,56,71,77,59,77
66,19,29,64,33,47,59,32,89,42,54,19,38,95,4,49,22,39,41,90,86,50,55,60,8,36,73,0,39,85,46,58,13,79,77,8,61,68,86,73,92,60,62,90,77,53,70,22,47,24,78,0,98,99,13,48,84,21,15,29,80,25,79,86,50,36,58,69,21,92,91,56,63,79,91,53,38,73,19,81,77,8,51,14,78,40,86,23,88,32,4,51,14,54,97,27,42,31,92,71
31,62,77,0,42,19,3,44,77,48,32,97,30,73,36,65,37,62,13,65,91,65,41,3,96,80,54,78,89,33,47,68,66,74,61,85,76,77,40,25,4,92,2,24,7,73,16,52,70,95,60,5,69,60,59,81,32,37,59,32,22,47,2,14,59,23,28,39,12,56,24,35,77,77,57,24,65,83,38,24,42,13,32,14,3,69,77,34,34,19,21,17,34,30,26,88,53,99,88,43
10,31,11,62,68,85,96,87,34,3,76,72,25,22,34,44,75,38,66,66,54,55,0,42,3,80,85,0,77,33,59,47,90,81,43,8,7,79,12,44,16,49,47,69,40,28,20,61,7,32,58,42,78,73,87,64,98,84,29,2,20,3,73,93,81,56,55,57,92,79,97,70,77,50,57,94,49,54,11,13,62,75,43,11,25,98,79,16,84,92,4,15,61,14,60,50,42,34,96,33
27,21,28,73,51,85,41,54,45,91,38,20,72,38,59,0,10,45,89,67,3,62,31,78,46,50,23,30,43,77,28,31,87,1,3,67,14,56,60,13,29,18,5,63,16,70,1,76,20,70,99,27,24,5,91,24,24,56,9,75,68,42,46,35,85,46,70,3,20,60,38,22,10,80,1,27,81,86,12,93,74,3,6,95,11,79,6,21,96,37,10,58,69,38,17,94,1,27,28,61
53,41,10,79,45,64,4,25,50,44,58,89,82,83,89,65,99,47,79,23,40,22,5,76,61,72,97,98,70,25,47,85,40,49,12,32,25,40,40,46,31,74,6,43,19,56,31,54,54,12,23,14,37,40,24,73,21,65,66,64,59,22,53,1,98,40,46,90,89,28,70,49,82,52,32,72,85,61,32,13,89,2,69,0,37,47,80,15,54,10,63,20,34,10,66,99,82,0,15,6
50,68,17,7,80,14,84,11,56,43,17,75,37,16,90,71,54,32,32,47,12,78,87,59,81,44,27,30,33,7,83,99,31,21,24,22,19,15,76,64,69,64,67,17,31,74,35,43,63,45,67,85,62,64,53,79,57,68,17,88,69,39,81,54,55,19,60,52,22,54,43,34,45,37,0,64,58,69,21,31,73,55,56,40,34,65,6,49,91,8,98,74,60,73,69,91,8,89,23,75
37,26,79,97,72,25,97,40,29,44,78,6,75,42,76,92,39,56,18,79,65,79,23,94,78,67,34,53,34,87,58,93,28,29,41,94,13,32,16,21,78,89,21,7,55,58,18,79,23,16,60,70,15,79,74,73,74,71,16,1,28,51,70,14,42,58,41,2,47,38,94,79,97,23,7,23,97,1,41,79,98,17,22,42,81,40,39,14,86,86,14,79,71,79,17,81,12,92,71,61
60,8,72,91,80,75,74,61,55,48,90,2,1,21,0,0,39,30,81,97,71,60,34,29,22,48,59,90,63,18,61,9,74,56,79,55,37,23,71,72,4,50,50,37,17,55,98,51,21,67,43,97,20,77,11,96,57,32,46,86,90,47,26,12,35,36,80,18,44,60,62,94,19,35,7,78,96,59,48,59,49,3,15,30,84,72,2,47,82,21,40,32,14,7,2,75,25,60,75,78
73,81,23,40,50,12,85,55,40,26,8,24,47,89,23,66,66,14,94,69,90,69,87,63,50,78,81,96,58,50,74,42,81,22,22,75,37,34,19,22,51,76,92,84,32,16,74,37,91,39,86,83,20,41,19,30,10,16,47,19,72,60,89,1,94,65,22,12,95,63,18,94,51,66,58,57,83,60,63,68,13,7,84,47,4,15,66,19,21,11,55,16,33,3,61,78,92,7,25,15
23,16,85,79,48,2,63,81,47,68,51,89,15,56,98,18,98,94,17,52,77,1,91,99,87,4,36,43,6,42,89,65,88,77,17,47,3,50,28,40,96,87,37,49,84,19,88,55,77,46,31,53,70,0,87,77,6,98,18,28,61,13,62,85,44,74,26,1,96,80,68,3,92,86,29,94,16,95,41,62,86,95,9,92,44,48,59,48,31,84,54,21,29,92,71,76,55,87,54,70
4,83,98,62,47,2,33,44,10,83,26,70,71,18,73,65,85,25,5,95,83,45,87,50,72,12,99,51,8,67,25,63,35,75,65,15,73,68,68,57,37,10,3,56,19,81,59,94,15,25,46,93,12,3,73,91,51,48,50,71,96,81,35,6,53,28,97,43,90,75,81,17,53,16,51,39,63,22,50,34,36,60,61,56,99,21,43,33,75,98,79,2,33,74,80,94,57,65,3,57
22,73,79,18,67,49,65,75,37,38,39,43,72,88,17,97,63,18,51,38,10,1,21,56,26,92,55,21,40,7,70,94,42,28,95,88,24,79,87,17,2,64,88,9,76,40,82,74,40,14,65,65,56,16,95,47,85,94,99,79,22,62,67,19,97,45,63,48,63,48,78,10,22,15,97,18,15,97,84,8,62,35,1,12,10,81,82,96,63,60,43,17,30,48,17,99,27,1,9,37
45,51,5,58,52,33,33,2,60,29,33,8,26,88,85,90,86,8,45,24,29,61,34,60,27,22,25,29,42,46,89,54,66,4,73,34,68,6,46,59,64,46,81,82,7,31,1,42,24,95,3,77,62,19,18,63,82,23,34,96,75,72,97,19,91,20,79,71,95,66,48,92,59,56,51,53,89,37,91,39,17,2,8,98,45,85,33,54,85,67,87,85,14,99,71,63,26,74,62,76
62,96,36,22,26,67,44,36,36,1,82,5,65,11,46,74,83,81,86,12,66,97,76,55,56,55,9,67,95,9,22,11,3,63,51,45,42,99,32,1,60,24,2,4,34,49,43,13,60,96,79,48,83,86,41,63,16,76,56,60,87,52,48,57,80,43,27,79,4,45,82,30,7,25,25,52,78,82,75,48,19,22,54,11,78,87,87,63,31,14,76,6,1,21,14,93,84,18,54,50
93,87,20,62,87,52,64,74,42,34,65,12,59,17,38,85,44,62,4,90,82,23,79,83,55,35,41,68,22,86,43,43,82,40,67,57,86,23,98,67,87,41,70,28,2,76,95,63,30,51,69,67,91,86,32,19,46,51,82,20,18,61,21,14,45,26,9,4,85,54,8,3,30,37,86,57,84,39,54,19,78,10,33,7,27,89,50,59,69,85,82,98,48,77,82,29,83,3,93,98
19,5,64,11,2,66,60,5,53,60,98,81,24,99,6,15,48,23,97,55,29,3,62,87,32,81,72,16,64,83,11,35,18,8,93,18,11,58,22,48,59,91,92,26,11,46,74,75,37,11,18,71,40,41,70,6,57,43,53,92,59,58,52,2,76,74,11,43,8,28,67,42,29,89,4,30,80,93,66,54,39,77,61,33,6,59,39,77,12,54,51,66,19,68,46,47,24,93,21,94
65,26,34,78,82,29,64,25,81,97,92,68,45,41,68,74,26,17,2,73,4,15,52,68,22,24,28,26,68,37,43,29,11,77,56,52,88,88,38,87,60,5,85,47,51,32,12,34,95,92,88,81,37,62,49,2,55,94,79,23,28,78,19,5,78,82,9,77,53,85,43,43,0,68,41,64,60,46,0,5,68,57,95,44,14,63,79,47,35,81,48,36,72,72,0,6,59,69,96,7
65,26,11,63,80,70,80,37,9,23,82,13,77,68,17,47,10,36,31,9,76,1,28,87,67,9,89,33,65,9,66,57,24,6,45,50,16,87,4,21,20,98,4,19,6,94,99,20,98,67,82,42,47,68,97,94,43,37,4,79,53,8,6,93,71,35,89,55,38,5,80,46,85,15,13,45,96,89,70,89,97,8,12,60,47,42,65,70,17,14,76,1,44,76,82,25,7,10,68,90
48,70,84,31,23,65,89,17,33,12,34,47,81,45,33,11,11,11,46,11,34,68,35,33,33,69,74,15,99,12,79,85,96,18,64,42,86,50,45,60,98,46,71,96,82,55,67,93,73,91,82,77,5,8,73,14,54,97,21,87,24,24,44,0,3,86,27,85,37,53,60,44,70,84,67,77,32,20,79,38,41,93,97,71,27,9,22,36,3,9,6,72,2,5,16,53,72,83,87,8
48,99,25,16,38,9,66,3,7,54,65,3,29,71,20,17,43,5,33,89,2,15,45,36,39,20,66,19,55,90,7,5,38,89,67,7,35,33,75,56,25,97,51,38,87,31,57,84,63,16,23,44,15,14,26,63,22,54,1,75,10,59,85,63,61,86,42,33,20,84,87,99,77,79,63,31,51,72,35,17,85,20,97,87,73,20,2,69,22,81,12,17,82,31,32,46,6,17,8,26
80,2,19,28,94,34,4,8,86,69,25,80,73,79,97,12,69,70,67,8,50,25,62,5,72,81,42,5,46,29,62,65,45,54,30,25,84,67,23,25,53,54,12,52,32,14,18,25,96,0,94,32,5,51,43,9,45,57,9,88,41,97,47,30,27,53,94,43,5,19,78,3,99,21,56,33,55,27,23,23,29,26,40,61,85,13,22,83,87,32,76,36,92,66,30,23,96,25,93,34
43,67,25,14,47,98,36,9,81,79,83,86,3,30,2,14,74,84,64,56,66,91,23,34,93,75,51,75,72,50,92,29,39,39,24,79,69,56,44,84,67,27,36,2,97,41,27,44,99,30,49,7,75,28,32,19,61,56,5,52,81,42,77,98,31,29,8,82,37,50,47,99,75,20,34,82,66,45,16,84,33,57,70,68,67,71,2,83,66,49,5,57,73,18,12,38,79,8,90,76
27,61,39,18,73,2,63,12,4,37,19,1,97,25,58,1,77,2,21,98,55,53,28,48,93,88,42,89,38,0,37,18,92,60,68,65,73,75,1,66,90,22,84,88,32,25,58,9,86,67,50,98,8,22,50,19,13,3,75,15,17,42,8,55,60,42,58,77,51,91,60,91,77,55,57,93,20,16,5,87,64,44,51,22,45,14,7,26,49,70,73,26,83,38,98,95,79,79,28,7
55,90,44,37,14,8,20,71,4,34,8,75,47,92,65,76,38,7,49,1,21,25,69,99,18,16,51,86,23,16,31,50,56,94,41,48,80,11,47,8,57,19,77,78,88,61,27,47,80,9,70,25,40,20,83,52,79,93,79,61,71,63,10,26,55,54,39,74,87,47,74,21,45,38,5,70,59,69,23,55,63,4,77,89,52,34,0,31,4,83,74,15,30,38,7,23,64,40,29,11
13,91,2,82,27,30,87,60,37,4,97,86,26,84,70,92,45,16,57,41,2,18,85,72,32,37,79,78,10,3,17,74,55,12,76,7,13,28,13,68,8,27,7,29,94,72,21,29,38,28,33,4,2,5,47,21,37,67,9,57,41,87,25,85,82,65,81,93,12,14,41,67,52,87,66,73,19,97,33,27,36,28,96,53,14,46,27,13,22,60,1,0,16,13,60,73,97,27,20,46
37,39,29,35,42,35,31,2,57,93,95,39,51,36,29,90,59,53,82,1,39,12,59,36,45,94,18,8,92,24,1,32,36,38,84,78,4,96,49,32,31,17,11,86,79,45,66,17,64,85,29,68,60,69,94,31,65,61,31,86,49,81,58,87,84,9,33,2,54,88,39,29,41,10,44,89,73,56,47,7,32,9,98,92,86,13,42,61,21,70,29,52,79,55,16,44,6,92,25,93
95,25,7,89,3,4,71,5,35,86,99,23,92,23,32,89,93,89,85,76,8,89,53,25,53,33,42,73,0,34,77,35,33,0,22,61,5,50,96,12,30,40,3,10,70,8,21,5,72,80,64,29,7,43,7,81,21,48,26,15,3,1,0,9,90,6,39,71,11,27,53,19,89,39,57,71,48,93,84,49,53,10,13,64,95,65,19,70,84,27,86,57,81,91,3,64,31,37,68,17
46,8,92,5,87,21,69,62,99,63,16,10,98,80,85,42,91,47,55,27,6,68,28,89,28,96,8,6,97,54,54,34,88,15,17,27,34,64,27,50,88,57,72,62,75,36,29,2,69,68,28,12,23,60,13,18,85,86,19,93,49,23,12,92,94,91,29,33,1,68,42,52,83,19,73,69,29,24,55,44,60,70,90,63,60,4,80,41,7,62,35,39,53,41,36,34,15,46,82,51
19,81,60,38,30,77,37,54,36,10,42,68,7,34,7,47,54,64,63,95,37,45,61,59,68,97,43,28,55,40,72,41,38,57,61,79,34,56,74,9,72,82,2,66,98,53,34,72,94,58,71,38,62,10,16,53,45,36,67,75,80,7,2,9,46,87,47,47,89,58,73,70,79,6,74,27,96,77,93,77,92,9,35,23,14,64,34,95,41,20,88,22,28,15,31,46,21,99,10,32
86,80,34,64,30,49,30,65,91,85,49,12,38,13,0,97,48,76,67,51,76,89,83,99,28,21,9,1,16,68,12,66,84,11,58,11,4,49,67,57,32,21,3,18,56,1,66,47,51,21,87,96,63,75,48,27,61,2,97,36,8,32,42,10,9,39,36,61,20,84,30,97,73,85,29,2,80,37,6,80,27,13,90,25,41,68,86,18,14,31,40,38,87,44,87,50,83,2,28,34
6,7,30,50,4,94,83,22,82,18,11,86,20,42,86,51,55,18,7,8,2,49,3,82,1,64,52,69,29,68,42,92,58,82,55,3,86,30,71,4,26,54,6,14,34,95,42,7,58,35,78,93,26,15,92,45,16,17,54,8,74,68,97,39,35,66,54,79,39,89,11,77,0,7,84,17,26,67,87,78,11,98,0,9,76,68,71,63,0,83,85,42,16,63,55,43,72,24,99,72
8,57,7,98,85,50,59,38,88,76,98,36,49,49,91,11,26,87,37,18,83,6,50,71,8,84,95,90,98,66,0,91,51,62,2,71,96,58,53,53,42,27,33,3,2,58,29,97,53,66,11,59,74,11,15,5,1,1,77,79,40,38,22,21,33,98,35,40,51,98,76,98,31,11,59,65,39,25,42,70,72,46,96,17,52,90,87,91,85,43,70,65,90,18,4,63,73,89,47,62
60,21,12,9,21,37,69,10,61,17,47,25,32,86,30,70,12,40,48,7,89,89,96,14,69,43,26,68,14,84,95,86,78,81,60,39,88,60,21,11,53,49,49,26,47,98,32,27,72,45,51,69,96,74,9,60,32,97,42,67,0,33,54,95,89,60,8,78,90,42,77,15,36,1,29,13,25,4,57,69,77,89,26,82,27,66,44,73,30,56,18,31,15,13,89,9,12,57,7,65
65,53,73,91,27,59,23,10,94,82,73,78,96,88,75,73,89,3,67,33,81,29,8,34,53,55,33,69,42,85,72,49,40,66,9,33,63,26,5,3,0,19,84,7,52,4,64,32,89,54,9,46,63,66,63,85,97,96,37,38,24,99,45,54,29,99,80,14,64,99,20,28,6,58,71,86,21,5,78,79,18,9,93,13,91,37,34,4,97,33,96,40,31,49,13,34,35,51,47,37
52,60,27,90,95,15,9,72,39,81,52,49,51,12,87,20,23,77,13,74,12,75,21,59,15,73,90,89,60,74,92,92,65,68,37,58,75,46,34,38,14,95,24,44,73,81,56,18,84,37,30,39,5,22,76,74,21,52,92,73,92,20,43,73,79,8,33,16,65,69,6,70,65,20,31,54,30,79,74,64,90,74,47,1,96,9,24,22,44,0,6,98,24,2,72,81,35,86,22,12
34,33,50,38,69,76,5,21,18,5,21,55,30,11,3,7,57,49,44,69,6,50,74,19,81,31,88,97,58,96,17,33,23,32,87,34,31,95,94,39,98,37,51,5,45,8,43,51,80,2,55,55,55,93,68,9,65,22,7,79,17,97,49,4,78,52,29,40,66,32,7,48,77,64,14,69,83,32,84,17,54,86,42,0,91,44,26,99,21,2,32,94,13,67,96,23,97,61,25,48
13,70,36,41,51,60,24,81,58,79,21,16,36,53,17,89,13,82,44,32,62,32,76,76,75,20,81,1,53,31,19,23,47,61,91,62,69,21,63,10,83,89,34,86,39,5,5,21,46,16,88,75,34,28,14,35,30,43,33,45,91,45,27,67,52,62,75,33,68,76,18,92,12,74,64,77,1,26,67,54,11,29,0,37,61,83,59,59,75,83,0,85,66,81,14,69,55,63,19,70
97,3,96,11,44,83,46,83,25,67,4,60,44,94,46,22,93,3,7,0,67,99,59,7,72,50,1,9,30,66,72,61,23,86,23,22,70,41,41,73,5,83,51,51,44,89,39,53,14,4,93,44,88,8,4,23,93,61,92,72,75,43,69,36,62,3,88,85,80,65,31,11,77,24,21,41,89,14,42,28,88,19,10,99,26,44,84,16,59,26,37,26,66,47,85,66,65,27,77,18
47,90,90,75,80,12,12,21,2,56,1,74,85,55,52,78,51,39,67,29,24,50,78,87,71,19,23,95,85,28,0,56,48,63,36,14,49,17,30,46,42,96,72,16,70,41,47,30,69,2,36,24,64,1,70,90,69,70,98,71,7,85,67,39,40,32,87,29,15,7,73,25,51,9,15,55,93,76,67,97,81,8,11,1,76,74,61,91,63,75,41,38,6,22,29,67,15,77,91,41
68,84,26,6,93,70,24,0,81,89,69,72,65,82,77,99,92,15,17,70,26,19,76,86,62,42,38,72,25,36,62,14,10,95,40,17,48,34,3,95,25,32,81,4,70,49,41,72,54,23,6,91,24,29,44,25,55,4,14,18,2,30,40,34,34,59,90,62,98,6,86,63,94,18,26,44,52,32,29,67,45,48,99,65,3,6,88,60,34,34,74,64,51,85,79,82,35,14,49,15
33,7,94,9,41,98,70,64,53,28,53,60,84,10,90,66,56,19,0,26,17,90,47,69,70,80,63,82,85,12,31,5,70,7,13,64,86,69,23,2,98,34,33,28,71,80,92,99,24,54,89,42,89,29,30,95,24,87,50,5,8,31,42,50,34,87,5,14,97,20,36,48,54,47,67,30,93,25,83,12,80,34,80,11,66,64,91,43,63,95,87,12,45,85,60,5,57,63,84,47
81,60,18,1,7,57,21,68,40,14,74,97,62,86,17,61,36,99,77,7,76,36,68,54,61,96,7,12,13,53,54,39,64,19,98,83,65,11,6,37,54,26,37,30,52,23,62,4,77,10,94,47,36,68,19,32,2,10,76,12,21,52,59,7,7,90,73,58,88,93,16,42,78,67,32,6,11,69,17,11,61,29,32,34,30,34,10,49,19,70,42,65,76,70,98,9,58,81,84,23
55,33,65,52,98,9,77,34,95,9,79,32,57,40,11,89,13,36,26,62,67,26,55,87,24,76,72,32,12,45,85,11,29,85,36,15,23,73,32,12,24,18,35,99,52,34,72,51,98,19,28,33,87,99,30,66,88,59,74,22,27,7,58,38,49,88,2,93,45,71,78,43,74,88,79,16,31,36,4,54,45,76,94,32,31,6,88,98,38,50,18,4,3,0,60,68,41,28,29,22
26,76,19,65,79,85,84,46,43,3,15,95,11,35,41,64,87,47,36,95,84,53,92,70,88,90,68,55,59,30,72,67,11,92,7,48,83,6,17,39,90,39,57,89,25,41,49,60,94,86,23,8,70,15,27,33,74,70,5,59,87,20,11,96,4,66,88,84,1,53,86,9,82,72,30,59,71,87,33,44,11,87,18,88,89,13,97,64,83,60,52,36,97,28,18,78,96,45,73,88
69,88,39,26,43,48,19,57,57,17,22,35,58,55,42,55,84,29,79,19,66,24,62,71,85,46,17,54,33,89,52,60,67,99,6,40,59,25,50,48,30,73,56,26,36,68,38,48,47,31,45,49,26,85,50,46,32,76,63,62,50,86,94,61,92,45,88,26,55,53,53,35,61,59,1,60,64,21,20,67,34,22,5,65,73,51,71,34,79,16,83,16,69,20,9,4,12,26,7,85
92,80,29,61,31,65,82,52,24,36,70,49,66,79,68,81,45,51,7,74,42,17,75,39,85,45,86,13,43,4,46,57,86,73,92,71,99,75,66,47,38,4,48,57,27,70,54,23,56,67,55,27,10,20,7,17,20,67,73,93,66,24,72,36,11,32,62,58,57,73,98,8,21,89,54,77,4,97,33,33,98,81,79,24,5,6,90,38,27,17,13,51,27,86,6,93,29,43,15,59
61,38,98,26,0,32,15,60,42,90,87,23,55,74,12,46,14,69,72,93,37,86,21,85,91,21,78,63,53,62,24,25,81,25,82,50,52,38,95,60,86,30,99,52,82,30,36,40,77,65,20,59,95,3,16,5,95,52,21,50,97,87,34,25,83,23,82,68,20,93,81,68,74,44,62,40,97,60,88,61,22,67,38,84,73,91,9,26,39,62,15,16,99,48,41,38,12,61,0,61
59,29,69,94,78,39,84,31,89,62,49,70,98,70,46,75,10,91,63,63,92,19,30,42,99,48,67,58,85,88,66,81,73,76,61,74,86,56,29,22,72,47,85,57,39,34,29,74,49,45,13,94,13,73,14,45,54,77,36,95,94,9,12,37,20,63,31,32,17,47,79,98,37,25,4,38,23,41,4,11,59,3,13,79,81,44,62,84,19,43,93,57,31,31,70,66,89,33,0,24
81,71,29,3,61,92,46,52,3,87,53,60,19,19,19,60,38,40,77,18,98,52,49,89,7,97,56,29,85,71,38,2,39,43,5,41,16,40,11,73,89,62,48,3,64,99,7,93,19,37,13,53,62,68,79,86,77,21,74,97,73,82,36,99,97,19,21,79,15,10,31,81,42,67,15,56,97,92,88,34,33,34,26,40,50,38,17,54,20,87,65,57,80,90,8,68,92,80,29,50
86,48,65,34,66,93,33,83,37,63,25,28,64,79,66,75,62,12,63,13,38,98,87,53,69,12,35,87,90,38,71,69,94,68,28,74,87,15,64,23,88,17,49,12,26,64,10,70,96,40,97,60,16,52,50,67,9,0,46,40,43,34,62,55,94,58,60,56,25,87,6,96,96,75,40,66,74,16,52,7,96,52,17,20,9,42,61,85,23,52,96,63,21,69,65,31,4,25,96,80
18,63,31,98,40,5,93,2,43,2,41,17,61,38,50,50,20,61,5,18,93,99,81,32,24,32,37,69,47,32,73,88,60,91,26,40,14,76,64,17,78,61,41,42,1,22,74,40,98,89,48,26,66,47,55,37,64,33,60,54,49,11,58,80,14,4,52,43,92,32,81,14,25,76,69,39,75,36,38,7,80,68,71,56,94,27,29,80,75,19,84,49,4,84,11,6,25,87,48,54
7,39,82,10,31,73,83,51,74,13,91,41,19,68,79,6,69,88,10,61,68,59,40,2,59,35,86,10,29,66,37,78,48,88,2,36,62,59,2,85,61,80,26,80,95,74,51,66,77,71,58,75,74,52,76,88,74,47,93,16,89,46,27,32,98,79,22,51,5,6,93,92,76,71,14,29,52,31,75,61,92,28,15,59,32,85,95,81,34,1,36,91,36,17,68,24,20,87,42,20
83,20,78,59,67,82,99,46,19,71,37,49,58,4,31,27,51,32,47,67,93,38,56,12,86,52,91,71,78,18,96,31,54,14,21,45,93,83,21,80,6,32,24,12,48,39,74,43,59,54,52,88,13,20,94,62,43,55,68,86,75,91,15,48,40,24,30,74,80,67,64,54,41,41,38,2,64,11,60,79,61,70,49,97,14,76,1,16,60,30,53,34,68,87,25,48,11,44,49,68
84,2,72,48,24,19,12,74,6,46,74,97,61,95,63,37,77,22,50,84,48,93,55,95,1,24,67,50,64,86,50,79,68,79,95,33,54,86,25,71,57,49,56,48,32,84,66,59,60,37,88,52,6,92,26,22,3,2,88,17,17,28,26,75,84,79,64,67,47,40,89,25,49,47,45,31,90,7,37,59,28,12,22,59,95,12,6,14,83,6,7,6,28,96,15,22,30,62,58,8
20,23,57,96,93,74,75,65,72,31,7,96,1,88,1,21,21,86,72,31,20,3,73,93,29,35,68,7,42,93,87,13,31,28,15,25,50,53,85,23,39,59,96,56,57,12,20,0,58,95,10,99,88,12,44,7,10,50,27,73,39,24,29,50,47,65,2,79,23,23,30,35,75,96,69,35,5,15,46,21,27,3,76,34,6,19,97,85,81,33,69,4,10,81,98,38,67,59,26,97
18,90,83,79,27,64,76,61,63,58,70,53,26,89,50,27,90,4,18,34,89,10,55,58,98,3,85,76,54,44,85,27,26,7,31,53,12,30,23,29,20,35,19,42,82,36,63,58,51,15,25,6,49,95,5,80,61,1,23,0,85,51,99,37,17,79,11,55,40,39,87,20,42,53,16,40,93,37,97,39,60,45,21,61,86,57,84,49,9,3,58,20,28,10,53,12,48,66,51,87
97,22,6,1,67,5,12,48,94,30,98,69,84,68,35,21,10,57,75,83,13,40,39,5,95,21,88,46,33,95,28,79,97,90,68,10,92,40,23,78,45,24,27,13,96,76,85,41,2,54,21,99,75,80,18,62,78,81,60,31,3,44,10,77,58,75,13,89,0,48,61,37,98,84,38,80,59,30,87,33,37,51,54,80,20,20,62,19,5,17,28,11,46,83,65,12,48,52,74,36
34,0,41,85,85,52,60,60,76,30,73,73,58,74,49,50,80,37,28,9,79,56,45,84,42,95,87,52,82,21,62,83,89,61,7,89,28,29,29,30,16,9,35,1,58,61,21,66,93,26,73,7,74,69,33,19,37,86,61,67,85,63,53,28,44,53,34,2,70,80,42,1,5,11,12,60,82,56,44,4,41,52,42,8,76,28,68,84,60,95,98,76,34,70,74,78,94,31,88,75
16,75,62,8,20,74,10,42,45,74,87,19,25,32,11,64,34,85,53,62,36,79,52,72,39,2,43,97,17,26,71,57,43,16,54,3,6,91,70,65,17,34,26,1,65,34,86,83,76,63,14,1,32,4,64,54,45,38,18,7,76,90,1,55,35,15,11,50,63,4,14,89,46,58,28,61,78,65,88,42,17,93,12,1,38,96,94,91,33,55,93,75,86,46,18,33,74,38,2,96
7,13,91,40,74,0,84,18,75,85,71,53,0,88,57,49,5,95,86,57,26,2,97,64,84,7,72,86,89,37,67,5,22,32,80,82,57,4,58,87,57,48,35,83,55,83,60,96,93,78,68,57,66,96,20,63,36,1,70,43,45,80,99,22,35,87,93,65,78,10,27,87,77,21,72,47,53,14,85,59,50,60,14,47,82,56,51,80,61,52,48,23,28,65,44,93,43,17,91,16
65,3,19,50,73,56,67,20,2,10,68,61,50,32,97,81,34,57,35,8,86,24,30,68,66,15,36,11,13,9,37,16,57,33,91,94,72,27,36,99,27,28,75,17,17,66,38,93,31,68,97,94,0,57,93,12,55,63,90,98,93,93,41,58,19,65,16,2,13,95,90,71,61,48,59,18,1,14,41,17,98,6,58,62,90,31,31,96,24,54,67,52,31,91,72,23,56,66,6,10
14,54,18,92,97,29,50,12,93,92,9,8,24,31,18,96,96,73,65,33,10,41,30,94,17,80,93,53,32,36,62,98,17,45,48,63,14,61,91,23,49,84,68,4,5,78,59,41,21,82,53,52,26,49,81,16,88,44,18,64,12,0,67,80,68,43,21,68,59,96,45,93,80,78,72,68,50,19,47,86,17,78,91,19,17,91,79,33,59,42,71,83,9,36,70,8,27,14,55,69
80,86,0,22,63,81,42,71,27,11,47,87,56,51,86,36,24,15,0,47,86,66,9,29,29,2,88,95,4,97,4,67,37,38,34,38,48,77,88,54,26,14,40,84,41,70,32,91,66,52,98,65,28,3,51,16,10,96,53,18,82,14,69,45,22,42,54,40,43,81,36,48,92,11,17,83,22,86,12,40,79,45,99,14,55,4,74,81,9,51,48,13,62,14,15,51,90,87,60,91
15,66,2,87,40,83,31,7,82,62,69,31,75,46,65,38,69,25,47,50,61,91,46,29,6,86,80,96,20,97,73,46,77,10,66,58,61,96,6,37,49,22,79,64,67,25,81,85,77,12,96,6,54,98,89,60,53,65,23,69,99,14,76,85,36,11,66,4,10,37,92,3,28,73,92,42,39,17,67,90,77,78,60,43,51,81,55,47,9,29,36,67,42,17,5,2,22,32,32,31
35,57,91,99,23,60,90,30,94,64,61,87,6,63,84,59,10,48,66,63,2,95,64,53,25,6,4,13,83,25,44,33,73,50,31,10,4,9,3,39,39,90,17,12,4,78,90,93,91,35,94,31,54,90,63,48,70,5,87,33,88,40,66,57,46,99,63,63,27,72,57,53,94,48,66,17,30,64,50,83,65,68,92,51,77,51,51,49,78,19,85,47,77,97,29,75,86,47,7,62
12,89,40,35,39,2,45,85,51,87,0,62,27,94,85,65,87,16,91,39,66,16,33,6,42,92,61,2,68,0,11,57,14,23,78,58,56,15,38,5,49,49,45,15,59,33,83,24,29,46,72,56,78,37,22,1,74,0,78,15,9,39,17,27,60,6,61,6,91,39,38,69,48,1,22,47,23,60,96,19,22,89,28,99,76,30,9,44,77,28,23,7,10,11,88,53,73,36,46,53
30,2,12,36,55,45,55,87,98,5,74,23,84,18,80,16,58,57,90,18,29,96,94,8,4,98,30,82,11,51,32,3,17,34,23,5,91,0,15,7,29,55,81,30,83,63,8,32,60,85,39,67,8,70,79,97,99,27,78,27,14,3,70,90,39,62,96,44,37,78,18,62,91,80,48,87,11,54,77,22,16,27,84,70,53,58,86,25,18,23,79,18,68,90,54,42,59,89,82,39
12,75,77,31,54,43,48,68,13,92,29,55,15,75,67,7,36,68,6,34,43,86,24,89,41,42,0,68,61,90,2,61,87,12,78,25,80,2,12,87,11,23,11,14,6,13,40,3,72,38,74,97,44,68,57,63,80,14,78,4,30,85,41,51,4,13,7,98,7,42,21,51,37,47,84,82,37,18,0,71,90,49,65,58,52,19,99,37,71,29,47,79,26,96,49,87,57,33,39,93
83,93,80,52,32,53,82,10,39,39,61,17,11,32,65,16,32,73,10,49,56,78,13,29,62,53,44,62,38,30,69,31,63,55,64,41,82,85,67,29,90,22,10,35,15,62,53,28,10,83,86,89,73,38,91,3,44,61,58,49,31,9,22,69,69,5,98,98,29,65,58,94,54,87,48,24,69,9,66,18,36,40,72,59,57,55,45,22,18,56,39,17,48,7,82,38,98,29,16,79
70,8,31,51,34,89,49,44,10,9,85,68,37,44,24,62,1,87,24,35,28,87,18,6,42,6,55,52,51,24,26,2,86,69,32,79,56,44,7,41,46,15,8,86,50,17,93,63,40,82,57,48,96,22,41,76,55,23,83,10,58,94,65,27,31,46,60,9,87,44,12,57,47,12,46,66,55,19,20,82,72,82,12,68,38,34,23,97,10,77,51,63,2,4,49,28,85,91,70,60
8,87,21,86,73,96,13,13,67,97,18,26,57,28,24,58,33,10,76,13,79,90,16,74,70,54,28,24,45,99,97,91,53,93,16,54,88,32,37,24,10,28,70,6,80,90,88,40,35,43,22,23,42,70,21,44,22,89,64,53,27,25,49,31,34,59,64,83,73,60,99,53,86,54,23,57,86,45,71,73,50,98,99,90,96,76,10,53,74,69,67,16,65,35,24,15,67,7,55,65
19,52,35,13,47,10,90,21,82,74,7,77,16,45,19,87,28,22,99,73,97,50,51,42,33,7,21,97,27,33,39,33,61,66,25,20,76,16,63,73,29,96,34,84,24,20,55,69,86,98,90,89,45,3,16,88,21,92,54,32,72,27,32,46,30,6,42,74,67,81,31,76,80,77,52,56,73,31,29,73,14,96,9,86,47,60,11,72,41,24,25,63,61,97,78,25,63,48,15,75
21,7,98,86,90,22,59,27,27,2,36,64,14,81,45,48,23,46,6,42,60,42,2,74,33,66,18,3,92,73,96,38,23,82,53,36,31,92,57,93,92,68,34,77,69,33,10,69,21,42,97,85,68,60,71,56,34,27,34,87,98,88,95,8,79,55,82,74,31,61,8,3,19,62,30,46,53,6,75,26,50,95,92,52,47,69,67,22,84,94,1,84,49,76,7,75,59,54,93,71
81,65,57,91,79,37,53,14,80,14,7,55,10,84,93,76,66,76,33,58,48,79,34,28,30,44,11,27,14,36,8,48,84,3,66,92,65,43,14,98,89,2,41,60,92,81,27,78,83,82,42,7,87,44,25,0,98,27,48,62,78,64,46,8,20,25,81,92,47,67,63,84,85,97,5,4,15,57,95,75,85,76,41,3,90,32,32,22,30,56,69,12,75,98,47,91,76,80,89,0
41,30,6,5,17,59,48,67,75,13,82,69,37,9,50,56,0,44,29,0,60,0,41,17,52,26,74,48,77,98,99,83,3,92,32,81,25,47,36,55,57,19,40,18,82,33,65,38,77,99,69,99,47,95,96,42,50,24,71,86,13,19,28,6,5,0,37,86,17,72,83,3,74,90,83,12,44,73,68,22,14,80,70,32,25,30,53,82,17,93,87,15,64,6,89,43,91,2,29,50
66,26,24,7,47,1,59,63,23,43,75,38,46,54,49,3,58,72,3,75,91,51,55,48,42,82,15,74,59,11,98,45,79,67,83,20,30,49,34,85,44,25,86,5,10,97,84,56,83,61,47,79,0,6,14,48,8,60,46,35,8,12,61,69,69,24,59,61,14,62,4,12,57,56,84,88,26,91,66,53,79,84,60,5,69,44,58,31,44,96,41,58,55,40,85,31,10,51,41,4
46,18,32,4,69,89,3,41,9,81,82,26,5,87,45,58,89,75,75,3,72,97,5,80,64,78,98,8,95,52,71,38,78,16,93,47,37,66,65,80,45,41,36,67,23,79,91,68,61,48,50,65,10,30,83,42,47,92,3,21,6,57,1,27,63,19,2,27,84,5,77,83,83,68,97,60,32,9,19,59,4,28,35,54,18,17,89,14,3,34,2,63,87,68,73,74,6,57,32,70
