22,93,90,55,11,2,40,10,98,2,3,43,6,8,24,15,14,8,45,33,85,51,19,71,35,66,75,11,81,53,51,40,54,28,86,90,38,21,44,25,87,52,20,39,28,17,53,92,83,80,28,35,42,4,64,44,37,97,17,26,15,5,30,54,87,80,47,81,38,30,92,42,79,89,2,62,45,57,3,58,80,66,89,21,59,32,62,64,39,38,72,79,5,18,10,24,38,62,80,99
64,49,49,39,9,95,33,51,86,31,57,65,74,17,28,87,46,45,48,54,38,63,5,4,61,44,5,41,51,85,7,53,32,26,53,0,75,65,66,51,26,2,95,70,23,74,64,25,63,34,76,81,78,53,50,95,52,69,63,51,23,92,12,66,75,89,83,2,66,50,71,37,80,52,54,43,43,50,90,79,47,43,55,17,94,81,72,52,40,63,3,60,3,89,61,48,75,11,64,59
50,84,33,92,88,95,62,97,9,25,1,65,50,2,1,5,48,57,8,85,75,50,96,0,6,22,21,77,86,52,45,29,23,19,60,53,92,70,10,59,37,52,89,94,95,0,70,56,72,29,98,61,58,90,73,47,72,9,18,64,98,51,81,44,75,7,6,79,76,40,72,72,67,50,95,83,41,12,5,51,10,67,48,23,13,79,86,51,90,78,13,25,46,57,37,46,80,4,90,11
58,3,20,62,76,15,48,60,20,42,84,69,43,37,69,4,58,60,52,88,44,60,5,35,97,50,63,94,98,97,96,67,1,44,69,91,56,82,98,72,49,46,67,72,23,63,3,99,46,92,81,64,59,93,68,41,50,3,57,28,18,6,44,31,86,86,81,83,94,60,97,47,26,73,0,94,53,33,55,42,21,52,55,86,37,20,74,40,53,56,84,16,92,84,78,32,55,3,53,62
28,37,20,74,91,24,43,67,83,82,3,26,6,6,24,91,28,16,63,52,96,7,88,67,34,45,86,97,61,85,17,80,51,79,73,89,3,82,46,3,20,67,7,34,21,65,51,37,56,60,33,23,76,14,64,5,14,60,30,80,84,71,21,10,63,89,43,46,54,23,94,28,2,59,59,46,84,20,58,94,48,56,2,62,31,88,6,45,73,50,77,14,58,66,57,1,2,35,7,70
20,18,8,26,3,19,94,70,47,2,14,26,66,72,31,37,10,50,46,72,22,72,62,87,49,34,97,85,42,93,13,30,28,31,15,48,87,58,67,22,78,65,59,57,47,21,24,14,69,85,6,82,86,39,10,37,87,39,45,34,57,87,21,8,43,35,83,17,27,63,92,14,37,98,56,97,19,31,87,42,2,11,40,45,80,58,70,96,87,96,16,12,98,34,10,53,68,16,59,94
38,18,50,48,20,69,26,59,41,31,19,58,44,13,30,39,44,39,12,9,4,54,58,26,68,63,85,3,14,51,72,23,22,99,27,65,29,36,76,92,10,10,42,95,14,42,99,28,37,18,50,6,35,5,75,97,76,9,80,69,43,43,26,90,92,29,89,7,87,60,68,11,76,83,14,12,4,44,60,72,33,81,15,55,3,36,50,39,95,68,16,3,77,94,53,74,64,27,5,52
40,27,13,29,16,59,76,83,64,35,45,25,55,14,26,4,76,78,18,38,20,61,78,95,11,88,35,6,99,35,17,48,17,21,24,7,11,3,14,82,55,25,20,72,49,70,40,54,25,41,3,47,33,56,53,68,7,44,66,85,84,65,71,28,60,76,10,11,0,49,25,85,64,40,50,3,94,72,0,94,74,51,1,80,3,15,96,49,94,33,39,53,54,49,47,31,16,12,10,49
75,24,96,77,23,45,79,29,53,85,60,64,8,40,96,53,30,3,12,76,71,85,71,20,88,57,1,58,63,63,60,98,86,84,62,98,14,80,33,37,93,80,22,89,98,58,84,52,42,81,77,65,27,14,50,76,86,71,87,16,10,51,17,50,46,64,92,84,86,23,66,41,98,86,72,93,63,15,48,99,19,71,98,40,94,14,37,33,41,92,19,93,31,74,80,94,45,23,72,79
41,74,10,4,57,80,5,94,39,12,74,68,80,41,50,97,21,77,69,94,71,98,25,13,41,9,50,67,92,76,21,10,42,23,19,20,17,42,8,48,51,75,72,38,54,78,81,82,71,47,85,44,55,70,74,29,7,66,22,81,73,54,26,4,19,56,43,58,82,4,60,62,67,1,35,82,70,33,47,46,29,74,85,32,50,64,61,12,78,22,25,42,15,27,70,22,6,31,19,85
41,22,59,37,14,20,18,70,15,46,89,81,25,60,24,1,56,74,1,18,11,21,87,58,76,62,67,15,99,69,50,21,27,54,95,75,30,52,16,8,48,1,0,51,89,15,26,40,82,94,36,80,41,3,6,0,76,62,44,13,73,38,42,2,78,67,83,77,64,91,68,38,26,46,10,98,42,52,83,90,73,73,68,18,70,38,51,72,9,81,40,41,93,64,48,89,80,16,51,97
56,29,75,2,58,12,33,92,69,47,94,24,15,62,80,89,61,4,80,40,99,1,74,35,58,35,78,42,12,24,9,29,29,10,98,92,10,37,42,84,99,98,32,52,3,59,82,70,32,94,99,29,10,46,27,88,57,70,53,99,39,56,77,11,30,29,12,46,59,27,32,4,75,40,45,9,18,89,76,3,34,66,75,64,4,83,80,97,10,62,54,88,44,21,23,97,54,72,41,82
28,2,35,67,4,45,86,95,6,51,64,13,6,72,4,99,28,13,69,34,83,81,66,10,96,57,38,50,42,55,50,83,29,67,82,86,65,51,46,13,96,90,83,38,85,4,69,44,27,95,83,6,17,92,78,15,52,23,15,98,81,95,53,19,9,82,24,57,69,63,96,37,94,30,9,93,74,90,66,39,61,40,2,87,39,61,27,85,41,83,36,47,96,24,30,69,19,19,56,10
71,3,24,18,63,81,29,28,27,73,67,28,53,39,73,70,38,52,14,63,55,59,32,50,40,53,11,88,72,68,94,19,11,51,35,89,36,41,68,26,75,54,15,5,95,24,9,75,34,52,71,16,45,98,83,4,57,72,49,17,62,94,27,35,54,7,52,12,84,19,68,86,60,32,52,79,51,55,18,7,52,64,70,11,10,64,80,15,77,14,22,16,0,73,51,19,95,74,73,56
41,58,8,20,57,21,50,55,82,52,19,73,60,1,76,2,59,96,35,11,40,75,88,73,26,30,4,90,66,85,6,37,17,80,87,44,61,27,24,29,82,46,78,6,3,98,97,28,10,60,25,91,62,93,1,42,41,41,33,80,99,48,38,14,6,65,50,84,20,55,6,49,36,2,43,13,31,3,74,22,8,75,89,58,65,77,6,64,86,14,89,30,60,28,11,25,20,79,99,5
23,90,91,63,73,56,81,2,99,92,78,75,4,86,76,68,54,27,50,2,84,22,76,23,28,57,38,67,23,98,20,47,42,61,73,84,61,49,52,22,26,48,10,51,86,39,24,35,95,69,8,42,34,39,16,1,13,22,45,47,65,80,76,87,9,20,69,19,67,97,77,36,79,71,27,69,78,31,78,46,43,10,55,40,39,66,6,72,22,6,5,1,92,3,68,40,44,73,83,4
89,12,85,18,68,56,98,77,14,16,57,31,14,60,54,11,98,62,9,60,6,82,20,62,40,90,11,67,81,26,1,55,16,74,33,67,27,26,32,30,29,59,54,10,11,95,24,44,29,88,44,2,53,81,74,60,33,74,13,40,83,36,25,95,85,87,35,80,93,78,78,87,40,53,43,88,65,7,66,70,73,76,14,39,4,26,86,13,97,38,82,2,15,10,4,12,77,2,23,33
93,98,99,79,4,66,20,77,63,55,19,90,57,11,74,93,24,51,19,30,27,37,2,94,52,23,48,27,42,98,53,32,62,5,37,4,31,70,49,46,14,53,40,84,43,75,73,66,80,99,70,2,37,46,67,86,38,23,43,67,99,26,98,18,20,70,19,98,86,55,94,60,82,33,86,23,30,68,77,20,93,24,95,29,6,37,80,59,83,53,57,15,47,88,69,65,76,35,32,11
25,5,64,53,12,77,21,8,7,3,30,72,13,59,16,55,10,34,99,36,13,52,43,57,40,29,28,93,48,55,75,26,32,56,43,71,86,12,93,72,46,67,58,11,47,82,21,98,59,66,16,12,47,30,67,18,41,91,0,52,73,19,6,14,95,62,35,73,85,48,72,82,10,56,7,5,90,92,12,54,30,27,82,20,37,70,14,91,42,69,86,79,40,15,30,54,59,22,62,13
67,72,44,34,82,94,85,72,26,92,61,6,8,26,38,59,10,82,0,96,25,6,57,69,15,87,74,85,90,42,43,29,4,38,34,48,42,41,18,40,95,9,7,24,79,94,66,61,55,67,72,77,98,81,2,4,35,85,80,5,49,67,75,77,7,7,3,20,36,15,5,34,98,73,67,9,5,17,37,83,49,31,9,79,97,79,52,33,1,56,41,53,25,22,28,25,98,83,82,1
53,95,82,28,40,19,39,84,4,44,33,16,64,45,35,9,56,18,10,15,71,61,99,35,91,59,1,59,33,32,78,22,79,10,81,3,18,95,12,73,25,1,62,21,50,28,9,64,30,78,29,35,0,41,50,32,51,2,13,56,52,12,1,6,59,12,89,8,89,22,3,45,94,20,20,64,90,97,93,5,99,38,90,43,3,49,79,58,81,39,18,35,30,84,5,24,54,14,93,40
40,98,5,18,6,71,0,27,37,36,81,64,62,45,28,56,5,62,20,87,48,24,78,81,88,5,38,4,14,52,49,80,80,34,57,67,55,33,8,47,65,55,35,81,87,60,42,24,29,28,30,45,69,82,49,53,2,74,68,73,81,68,6,26,27,14,58,73,57,33,30,0,79,69,41,20,62,46,21,33,54,22,12,85,30,13,25,22,87,98,18,86,74,77,92,45,70,84,10,73
84,84,20,59,23,20,21,37,53,72,90,25,98,15,83,30,67,28,95,22,27,98,11,76,53,13,12,14,34,7,41,23,93,95,22,80,15,0,60,21,60,48,16,93,10,87,97,19,90,80,32,37,76,36,54,88,74,67,83,88,59,34,93,8,48,25,0,67,91,36,1,92,67,35,60,15,66,9,24,67,89,32,41,25,43,51,97,20,83,68,97,42,37,49,94,64,46,20,16,0
85,57,3,81,4,93,58,1,93,77,89,39,91,20,27,2,64,7,54,25,25,62,12,26,19,99,30,83,11,8,57,32,32,36,32,64,94,35,12,20,32,28,9,14,23,51,82,79,73,93,98,16,17,79,10,3,0,62,6,7,43,99,47,34,64,97,13,35,67,3,33,22,80,91,55,86,85,25,32,33,27,85,30,18,1,69,15,18,12,30,62,29,26,89,78,82,79,62,8,11
64,86,97,50,67,91,44,75,52,21,36,54,65,46,89,72,27,73,22,24,9,29,96,53,56,20,97,8,9,91,80,59,5,1,93,24,76,55,68,5,29,97,14,90,5,57,93,81,22,92,69,8,47,17,65,81,22,27,28,87,85,48,49,75,77,14,34,19,13,98,94,36,78,21,24,64,64,65,89,65,71,68,37,12,70,18,16,89,40,87,26,22,53,99,50,24,33,59,76,84
82,22,41,41,20,26,11,71,16,81,62,20,61,51,64,2,97,42,28,5,54,49,61,63,99,55,6,4,72,82,36,79,94,2,19,43,86,60,2,36,10,13,31,33,26,24,53,48,47,89,82,23,25,10,20,48,75,2,44,65,83,65,38,16,36,46,29,12,49,50,81,8,32,49,27,69,94,49,2,5,61,24,0,79,38,81,78,81,44,57,11,93,97,94,51,86,63,36,1,38
97,7,50,58,74,43,94,12,60,93,96,80,50,76,37,75,84,91,66,26,78,46,34,50,90,51,35,82,52,81,87,13,86,65,61,75,50,7,54,55,51,1,50,55,60,2,96,58,38,4,73,81,11,98,41,69,27,15,29,13,54,0,39,65,28,20,18,85,93,49,16,91,40,81,42,0,2,55,69,59,81,63,4,63,79,81,85,33,34,27,94,41,8,99,40,82,36,1,27,93
33,61,62,14,60,4,36,36,44,7,56,25,88,57,78,23,88,52,59,89,80,31,73,90,52,25,14,89,27,56,90,92,93,36,93,70,17,73,14,41,71,80,95,93,6,10,37,70,89,11,97,66,6,14,1,51,70,32,64,77,57,26,24,73,31,7,38,44,18,78,22,90,32,13,0,12,65,69,40,39,78,77,34,54,66,22,32,0,39,27,44,18,24,19,37,4,11,92,13,71
33,66,89,52,22,75,63,82,95,67,5,5,87,76,36,22,80,39,62,80,2,39,66,9,85,49,26,22,44,89,47,13,85,11,1,19,84,21,40,66,17,95,52,89,38,71,67,15,95,5,54,55,45,0,7,52,94,41,97,9,11,50,44,58,63,20,35,8,83,35,84,43,0,36,6,11,98,94,52,51,23,71,29,96,99,88,15,56,7,38,64,94,73,32,23,13,43,24,39,11
3,29,84,45,50,18,27,10,99,92,6,59,18,96,68,90,39,43,6,63,37,2,62,97,37,57,59,65,57,51,2,97,25,81,72,14,28,7,27,93,8,46,47,93,54,32,78,80,68,89,24,45,6,76,40,56,70,6,79,88,85,70,65,65,17,91,71,95,76,70,68,23,68,20,78,86,87,36,16,31,61,81,12,57,88,29,23,55,30,62,37,84,90,42,9,76,97,69,57,61
49,73,49,95,22,43,6,26,92,13,32,5,8,47,54,74,33,71,98,36,75,9,90,56,59,33,65,15,70,80,8,76,75,91,37,69,44,60,58,59,67,93,80,53,25,52,7,90,71,87,60,57,76,66,6,26,97,16,46,40,2,50,86,30,65,98,35,51,53,15,35,7,61,51,59,83,27,64,46,30,42,48,99,63,45,38,4,16,28,58,69,8,96,99,69,17,12,87,73,28
7,79,87,76,58,7,10,20,90,95,54,40,79,94,30,57,38,23,50,66,32,44,47,15,20,70,9,78,51,29,14,27,36,59,8,97,9,20,93,51,18,76,3,17,76,1,32,62,61,52,10,73,67,23,74,20,17,81,51,99,7,42,47,99,74,29,20,90,82,76,46,84,53,99,79,24,54,71,83,33,31,46,84,17,12,36,46,34,0,81,69,6,59,39,96,88,73,36,63,4
93,88,7,55,24,65,81,11,88,72,77,93,20,65,97,42,44,17,41,30,62,37,62,91,5,6,44,32,52,8,79,47,30,53,35,69,51,67,55,23,76,23,10,39,29,52,40,22,17,51,25,25,18,74,86,72,98,59,38,58,66,5,14,61,32,2,81,12,19,2,85,6,32,5,77,32,80,75,93,40,78,63,31,57,14,45,25,53,71,1,0,4,56,70,52,87,21,63,22,78
45,33,20,91,13,31,98,80,34,15,81,60,59,36,45,67,75,74,96,85,31,23,96,85,61,65,16,71,87,0,33,72,73,35,99,79,24,30,47,0,33,6,89,99,11,84,68,12,66,83,12,94,13,22,7,54,76,68,76,13,61,79,3,31,80,71,0,64,9,45,39,41,73,3,95,24,39,60,11,64,49,45,36,62,3,95,45,49,18,67,84,13,21,83,69,84,33,68,60,30
89,92,62,37,58,38,70,67,48,16,81,37,62,93,81,26,19,86,69,79,42,70,52,35,97,79,34,1,35,53,47,43,68,27,59,36,19,42,63,20,10,26,0,67,28,73,43,35,54,15,86,77,89,11,52,44,41,77,20,56,77,49,21,7,65,40,88,77,59,48,19,27,7,57,27,57,93,5,61,56,80,3,66,41,60,59,34,2,79,92,4,51,14,97,11,64,67,2,19,8
42,28,51,90,81,49,4,77,95,88,29,31,70,22,50,70,62,26,1,43,99,25,19,86,93,9,47,22,14,93,72,53,94,97,67,67,29,72,66,13,26,31,5,47,8,11,93,63,89,55,58,62,17,26,27,55,95,82,11,28,92,12,35,60,13,79,38,5,49,10,27,14,42,9,87,94,37,7,90,50,44,8,22,81,45,28,49,51,17,31,92,55,51,55,16,16,40,25,5,21
60,3,14,40,26,60,72,18,55,15,77,18,87,69,72,63,73,0,30,58,30,82,94,64,11,55,37,81,30,92,27,62,90,8,9,58,19,73,52,29,75,33,21,77,66,1,36,67,40,12,11,15,72,95,6,63,57,68,84,23,99,87,56,43,85,83,69,27,2,26,5,51,27,71,21,29,88,17,30,94,48,35,96,74,23,5,65,16,47,92,5,53,97,75,62,35,3,12,45,74
41,51,81,23,6,16,48,97,76,44,96,72,41,21,60,93,50,22,36,63,53,95,37,93,95,24,51,13,81,36,77,84,22,35,61,31,20,10,49,71,47,25,13,70,88,27,10,76,62,78,59,39,35,23,33,70,2,20,43,69,62,66,94,84,18,36,0,80,37,1,6,29,24,56,77,98,6,9,72,4,11,91,21,96,60,7,9,83,1,58,77,7,25,35,93,41,0,58,32,4
74,32,41,50,23,81,82,84,49,98,33,29,59,69,44,13,84,12,38,13,50,44,35,80,82,46,2,39,88,12,60,68,32,60,28,93,72,97,42,48,36,83,27,18,99,27,52,5,85,32,64,22,4,73,22,94,46,75,49,63,0,79,48,40,19,45,86,24,93,57,57,87,16,0,88,14,77,53,18,71,69,37,75,79,29,58,50,83,87,58,88,85,0,58,20,50,18,51,87,91
55,80,55,89,15,10,91,41,37,18,65,83,2,54,48,81,7,88,54,51,7,67,80,17,71,58,23,19,5,98,74,93,30,48,4,35,40,58,60,19,41,1,25,53,6,8,43,63,11,37,53,78,58,73,95,5,45,54,19,2,60,97,80,98,92,9,53,6,10,26,46,51,11,53,31,80,85,9,77,10,92,73,39,55,83,72,83,48,38,79,87,2,61,12,63,60,2,75,20,19
32,45,8,85,76,96,36,42,17,61,10,86,33,29,34,96,66,58,81,14,73,99,76,9,39,43,14,94,22,69,65,45,89,81,76,70,39,76,44,13,63,24,48,66,27,17,76,66,29,45,5,0,50,92,43,85,26,35,32,8,56,41,56,40,19,23,9,93,12,57,43,0,63,65,88,31,51,37,82,58,81,4,73,7,34,49,57,99,1,80,58,10,30,30,85,65,63,58,41,87
36,41,39,9,34,32,26,75,43,38,45,29,55,34,68,92,54,28,50,86,26,55,81,28,4,79,99,75,69,36,72,51,43,35,56,74,50,56,41,26,96,43,15,69,64,41,64,95,93,72,73,80,98,40,98,80,99,80,55,63,88,7,3,39,78,1,92,6,31,74,28,29,38,54,79,79,98,10,67,82,17,53,57,35,81,30,40,77,26,33,85,89,47,61,15,35,67,19,26,96
14,72,75,6,17,0,45,26,49,9,76,77,45,62,59,72,48,12,70,87,63,76,85,60,31,89,61,22,89,91,17,80,97,43,18,8,17,98,72,66,73,85,23,26,31,11,30,14,85,33,26,30,19,71,51,35,87,15,59,44,6,80,96,52,43,45,38,17,32,0,85,65,81,19,68,89,53,89,44,8,41,9,12,97,38,87,74,72,41,59,23,35,3,4,18,16,49,82,72,31
39,16,16,6,51,63,34,53,16,30,5,4,67,55,74,69,75,45,74,51,23,43,56,13,92,85,89,30,7,50,10,1,54,95,32,55,25,26,16,21,18,81,24,58,76,45,9,4,69,79,36,72,34,25,3,95,6,77,2,30,41,14,89,95,10,98,40,11,72,20,93,65,37,80,67,45,46,64,86,34,70,22,74,51,32,28,84,17,41,97,75,26,17,38,94,94,29,17,8,22
64,59,87,18,83,42,81,41,28,74,86,87,21,83,47,62,57,83,97,90,58,99,72,73,62,7,34,3,56,45,13,6,54,69,59,43,12,76,7,54,38,95,38,84,53,78,52,26,90,21,25,24,85,69,17,38,58,69,42,98,2,72,53,56,71,26,47,3,75,21,27,49,21,98,36,72,56,32,17,23,14,56,39,43,13,15,99,71,67,91,27,24,15,67,29,98,12,72,16,24
19,38,89,85,22,46,6,52,64,41,42,16,91,97,68,32,81,14,60,92,76,93,41,12,78,31,31,83,26,73,49,89,8,85,26,75,70,83,77,18,80,31,13,2,92,57,3,89,44,67,52,33,78,17,6,96,42,73,64,7,49,86,8,6,94,29,23,76,6,38,10,95,37,66,80,8,4,27,79,2,10,53,87,94,51,78,29,77,79,89,74,2,60,76,25,48,4,59,5,57
70,35,71,72,41,24,26,57,52,91,9,49,27,58,71,36,0,1,47,17,78,61,53,89,74,6,99,48,84,6,20,32,62,42,52,41,13,2,48,62,37,8,43,8,84,36,49,43,36,80,92,13,24,10,57,5,71,4,18,12,48,57,15,12,72,84,72,31,86,52,74,11,72,83,79,75,27,13,25,52,34,14,73,82,42,44,97,2,5,70,35,63,53,38,22,70,89,36,66,6
78,35,85,31,48,11,55,31,69,56,88,12,15,0,65,55,14,32,14,60,41,39,8,31,18,26,56,19,50,81,81,71,57,27,79,45,24,54,93,56,69,97,39,18,83,35,58,63,56,61,50,50,60,4,85,18,76,43,77,33,14,53,59,82,1,27,27,49,61,14,83,74,90,55,67,21,33,15,67,33,85,92,51,93,62,70,9,38,73,46,60,83,76,25,12,15,56,37,65,75
61,79,70,91,52,4,80,45,77,23,31,43,96,9,30,38,33,60,11,2,27,80,49,50,67,65,43,89,97,71,99,90,41,31,94,19,10,18,44,64,69,97,86,17,41,25,63,14,97,85,86,99,52,68,35,65,3,93,78,24,66,61,58,41,46,68,86,2,61,85,74,75,23,56,46,29,24,93,52,90,14,3,37,44,46,33,95,58,50,29,39,20,56,27,9,36,2,65,77,3
58,49,85,59,65,20,37,41,80,51,62,33,40,26,87,81,74,37,26,21,41,90,98,4,28,16,3,64,86,40,97,62,14,98,51,7,58,23,90,27,80,79,81,78,31,19,72,11,20,41,68,65,60,3,23,82,87,33,18,73,22,1,56,41,47,63,30,33,65,16,91,59,15,2,78,28,97,73,34,11,9,86,29,8,74,63,35,51,24,63,72,61,14,18,22,9,44,42,17,99
96,78,36,15,2,39,52,69,4,84,96,94,31,27,37,27,20,67,78,89,49,4,75,42,29,96,81,15,48,10,46,87,90,62,60,96,16,96,95,10,25,26,10,43,37,72,15,86,14,86,56,97,59,54,66,49,84,70,19,55,16,43,91,63,52,89,36,0,55,56,53,32,17,44,94,89,38,74,63,32,0,38,15,3,74,25,3,96,68,20,80,48,46,94,28,5,25,96,85,97
58,44,89,73,23,29,55,81,26,61,18,14,29,55,74,25,96,14,79,52,5,25,92,65,5,44,10,1,1,50,6,54,18,89,89,54,57,65,23,69,9,73,97,47,31,74,78,27,55,13,28,88,71,46,46,88,26,44,34,36,49,77,52,73,43,15,96,75,91,43,81,75,51,27,49,54,39,25,3,55,26,17,19,94,93,5,43,79,67,67,37,13,44,87,29,70,90,84,16,6
73,71,44,23,35,35,57,31,89,86,11,59,67,94,74,28,82,25,46,51,70,87,22,60,69,83,26,38,83,98,15,14,49,34,82,69,36,80,64,55,90,39,14,51,75,80,14,99,55,78,25,85,15,12,17,41,33,9,37,86,9,2,59,42,87,24,3,43,8,42,78,25,7,84,67,29,30,23,69,63,60,12,15,52,31,84,34,24,57,70,19,13,25,54,62,34,24,19,19,95
59,77,87,60,61,12,64,51,0,88,94,95,92,10,80,20,27,73,6,42,11,86,99,35,42,90,35,64,33,88,36,80,55,91,12,86,14,16,96,61,11,31,84,45,21,63,76,63,94,84,40,70,52,29,11,88,59,99,43,92,15,65,45,15,64,76,73,54,13,1,22,55,63,80,49,19,15,74,47,72,68,48,9,16,49,33,31,25,79,9,63,67,25,47,30,16,45,38,55,94
48,33,38,44,18,74,77,25,86,78,67,76,13,61,23,44,72,12,11,14,9,29,95,80,24,23,31,57,3,25,84,99,59,27,35,43,43,76,7,78,27,64,8,20,54,49,9,18,68,57,39,5,36,29,77,45,65,28,53,50,98,55,67,18,18,86,25,83,94,54,26,88,31,62,65,26,96,74,14,80,79,52,4,9,50,14,80,90,67,93,24,84,80,37,19,31,17,55,1,12
85,51,73,43,39,64,31,27,31,4,39,96,52,86,33,95,47,80,0,66,81,98,3,45,52,86,56,56,95,27,75,90,94,70,96,52,73,14,27,37,75,91,74,15,70,3,57,10,34,47,71,41,30,33,40,57,60,42,98,95,42,95,69,79,93,41,95,47,92,10,54,5,64,23,70,25,11,56,12,36,17,93,89,40,77,63,13,65,37,10,59,85,62,53,50,22,85,9,0,53
63,62,14,24,96,49,12,60,83,61,82,65,66,17,96,45,40,42,49,20,61,8,5,24,24,42,62,39,74,9,85,94,48,85,34,81,5,51,6,54,16,3,29,21,62,70,36,64,31,84,26,7,12,52,55,58,50,73,12,82,9,95,53,4,24,76,58,10,59,60,26,31,57,84,68,24,18,98,81,45,53,22,72,32,25,68,53,48,21,68,35,45,62,66,7,72,23,86,6,16
85,59,50,75,51,11,22,15,97,30,25,35,54,56,16,53,22,26,79,65,2,1,38,61,12,35,63,15,60,95,36,37,27,99,84,81,47,42,98,48,12,53,68,76,3,10,4,52,1,55,82,47,92,48,48,0,49,96,85,98,29,61,81,52,61,73,4,82,2,3,81,26,39,28,30,2,92,28,3,21,77,43,56,17,97,85,95,47,16,77,28,18,30,71,54,21,95,15,66,35
77,81,44,9,41,75,32,25,29,34,44,29,28,7,30,37,79,21,28,53,16,63,97,67,35,94,52,68,12,26,81,10,52,3,15,2,64,20,30,82,62,28,30,32,46,18,40,60,71,41,81,61,7,43,77,28,72,33,15,12,0,66,5,81,74,38,24,7,69,39,28,12,97,86,69,0,83,19,49,87,6,75,65,13,38,47,31,8,1,32,85,92,70,28,76,98,28,96,73,71
73,3,55,54,75,21,97,21,79,32,87,37,0,23,52,20,57,28,24,83,2,44,24,60,49,14,47,9,8,47,44,51,83,54,19,95,95,59,95,25,15,79,96,2,21,79,39,9,11,32,97,45,31,49,56,62,77,30,69,85,39,7,1,68,98,70,66,91,93,97,85,49,8,17,40,57,89,35,23,65,57,30,91,26,51,27,82,31,21,31,49,94,32,96,89,60,4,31,44,13
44,38,37,63,47,94,66,54,65,4,26,65,14,99,14,87,26,31,20,17,83,98,68,12,36,38,34,61,93,32,25,10,88,65,89,37,55,60,79,46,70,71,86,18,58,2,13,76,58,5,57,78,92,0,70,18,54,0,98,37,17,56,34,28,31,47,14,56,80,12,59,87,51,38,7,63,35,0,89,47,95,32,67,5,59,16,19,12,69,57,64,2,77,58,56,4,9,98,64,66
20,73,80,57,47,11,59,81,78,45,14,71,53,51,51,57,49,60,74,84,93,93,99,98,93,81,96,93,46,17,82,46,27,68,33,61,83,12,32,92,45,91,33,49,55,71,6,54,87,4,90,55,89,78,81,56,27,57,39,19,39,46,25,78,42,54,43,95,20,6,26,63,90,40,72,41,42,86,24,91,22,24,38,34,60,9,17,68,46,51,38,14,71,21,12,55,13,29,77,26
83,2,36,58,7,16,25,33,85,89,54,74,11,37,20,75,11,17,83,72,1,92,38,33,7,62,92,22,46,84,80,56,89,36,98,71,68,27,48,50,62,20,43,4,25,11,52,30,16,16,8,31,74,58,89,19,55,7,26,10,62,95,80,95,82,35,29,23,94,69,20,45,79,83,77,80,98,79,3,63,91,38,79,33,32,74,23,52,29,56,18,57,86,67,36,79,46,1,81,71
78,77,23,11,29,47,84,23,94,16,94,90,90,21,21,51,68,95,2,26,62,17,25,78,36,56,75,61,81,94,14,30,49,1,23,50,88,40,44,71,35,44,91,48,50,76,61,63,51,6,77,71,89,39,15,79,94,63,15,48,82,95,6,90,14,29,30,94,68,27,28,76,6,11,21,99,78,2,91,66,88,88,57,68,7,7,60,94,86,56,42,40,13,1,80,42,57,22,13,43
51,65,3,67,4,55,22,89,0,76,24,25,8,67,30,26,86,71,92,72,69,35,44,1,68,63,63,72,77,35,58,69,17,27,74,80,8,88,47,58,42,23,6,0,12,89,5,18,74,8,44,79,87,69,53,10,24,10,45,58,33,56,96,20,45,5,39,63,87,74,83,86,61,70,73,91,98,19,52,34,96,89,31,11,82,74,31,29,86,97,60,56,23,91,46,53,86,32,74,42
72,28,23,93,55,63,6,79,63,86,18,64,80,55,95,69,95,40,36,90,98,92,8,52,75,48,47,42,27,47,2,41,69,37,85,24,83,78,23,6,21,80,49,41,16,76,53,91,90,70,53,76,30,82,97,93,0,85,71,16,26,61,80,85,42,3,39,26,81,58,75,28,11,1,45,56,87,48,12,69,37,96,65,15,86,44,70,26,28,96,10,3,30,35,39,19,50,84,49,84
48,20,61,63,6,86,61,70,68,90,87,20,82,83,7,44,88,66,40,23,32,32,29,20,27,31,74,4,37,57,80,78,77,21,5,68,40,58,48,7,92,82,66,42,85,98,68,18,29,88,6,27,81,30,54,10,44,51,26,73,24,67,75,63,55,77,15,77,89,50,0,25,54,84,71,12,23,3,14,61,7,36,32,11,57,65,93,70,13,61,8,2,23,28,50,48,92,34,44,35
10,18,39,0,20,58,0,19,12,76,73,87,8,85,81,62,82,53,42,24,6,82,24,70,49,80,91,85,90,74,63,78,53,88,47,10,46,37,24,54,17,2,76,25,53,94,44,9,53,93,45,83,50,22,22,40,98,23,24,29,41,99,55,1,88,91,21,72,61,65,93,36,44,69,79,33,51,38,31,77,98,77,26,89,40,8,11,6,76,95,31,75,46,16,92,2,84,57,66,94
17,13,18,7,54,48,34,94,90,1,57,21,26,94,33,13,90,67,6,29,83,32,57,39,95,9,16,16,96,51,66,99,75,63,61,67,7,79,27,5,3,44,81,12,90,64,0,72,42,29,99,56,85,59,16,46,56,72,28,40,90,86,6,99,72,5,59,8,6,24,97,26,91,4,14,99,28,0,54,27,50,53,34,75,76,52,95,60,57,67,10,10,0,33,1,88,95,48,47,77
95,89,17,76,6,14,58,17,44,18,29,17,82,97,44,50,46,30,47,8,12,5,73,66,6,3,16,22,2,76,84,94,48,22,12,95,94,63,12,26,13,28,88,7,62,72,34,19,22,79,93,55,26,48,52,11,55,24,48,50,82,78,24,45,59,15,89,40,78,15,81,10,50,4,82,31,30,93,20,87,25,65,11,5,61,60,76,32,96,66,56,53,95,46,17,68,12,15,46,98
11,44,47,98,93,59,43,86,14,40,91,22,76,26,47,93,82,66,91,70,50,9,61,78,27,12,83,10,1,11,87,57,57,27,74,9,48,62,87,42,37,59,17,84,61,51,27,34,61,52,22,94,56,26,93,47,80,48,54,27,41,62,97,10,93,19,80,25,44,37,36,7,82,78,28,17,86,50,60,73,61,76,60,61,42,94,94,44,39,3,54,35,40,63,33,88,94,26,2,97
17,75,53,32,63,27,59,62,95,29,34,10,31,23,72,1,38,44,37,58,98,3,66,17,96,55,16,25,62,74,12,10,2,3,89,68,59,18,16,21,78,15,25,61,79,89,93,78,1,48,73,21,0,53,38,37,50,60,35,75,94,70,65,38,31,25,23,65,56,98,44,65,9,43,13,37,79,89,55,30,0,13,46,61,73,60,87,93,22,68,49,92,78,79,34,52,45,18,52,69
75,40,27,84,76,1,82,6,54,3,51,23,3,17,5,69,29,65,63,96,7,74,88,81,34,81,22,15,41,12,81,56,82,64,98,68,14,81,33,49,69,50,18,69,25,19,43,68,84,15,81,24,55,30,13,57,60,80,48,99,68,30,46,10,10,87,23,91,67,38,56,5,85,22,56,5,40,29,0,33,91,5,96,62,36,95,35,59,73,0,14,75,2,31,22,33,51,80,20,40
55,70,45,90,21,74,66,32,99,36,86,2,24,65,48,29,33,82,87,87,95,53,8,35,60,72,94,74,45,51,23,91,68,65,66,69,85,66,59,54,79,80,24,21,9,1,27,92,32,88,22,84,59,2,14,17,0,4,96,92,92,56,24,97,91,21,1,91,14,7,26,0,25,77,48,63,27,18,96,53,7,44,45,82,70,92,48,62,36,2,97,31,53,3,30,99,38,21,66,17
13,79,78,82,67,76,26,51,43,74,5,71,3,30,45,28,98,9,59,7,32,82,42,31,91,69,12,27,67,99,11,58,30,92,35,89,92,30,29,73,46,42,44,92,29,89,81,58,58,38,13,53,73,71,96,23,34,80,67,23,63,35,68,32,88,25,20,92,70,15,96,9,64,30,97,74,19,38,92,41,32,43,93,38,83,48,45,78,63,70,54,68,97,43,73,45,15,31,51,70
25,26,67,2,69,27,55,28,97,98,6,39,37,30,10,79,76,75,44,44,31,49,32,50,80,30,21,39,59,58,33,39,91,47,33,28,49,21,89,51,10,33,20,82,25,95,5,8,65,93,34,88,54,31,20,23,61,17,24,33,80,82,5,72,54,57,70,30,91,5,89,71,41,53,45,55,35,60,11,96,30,84,93,37,73,47,73,10,77,45,21,75,15,12,86,72,39,35,32,53
57,22,99,21,42,38,24,7,63,53,36,92,61,73,85,50,8,74,1,65,16,17,78,42,58,0,86,7,89,72,14,50,76,30,71,15,0,28,57,40,7,8,94,47,60,3,15,32,20,82,21,62,39,23,46,15,52,2,56,40,49,37,26,9,43,32,19,66,16,68,75,30,68,71,94,87,19,30,32,80,62,98,47,81,85,40,0,96,87,17,36,54,37,27,17,45,79,26,6,32
84,31,88,96,54,91,32,79,75,21,36,67,30,62,79,17,80,75,85,45,21,48,94,77,24,31,50,25,49,13,61,29,84,98,12,54,68,60,45,74,66,37,10,34,64,5,97,94,4,60,48,22,50,18,17,93,80,37,35,37,21,52,30,0,5,38,43,32,2,45,55,42,21,55,77,2,1,61,14,29,13,65,8,98,98,94,26,36,61,62,54,68,22,97,74,84,92,25,27,96
62,61,12,21,83,61,29,25,6,86,72,34,49,18,66,40,79,6,20,12,86,59,42,63,12,64,37,59,50,25,70,23,88,73,5,38,99,20,36,87,57,6,3,47,37,55,67,20,32,10,24,76,46,11,24,9,50,54,47,24,76,97,47,70,61,64,44,80,32,38,85,75,23,73,30,13,5,81,88,75,39,69,48,5,92,34,22,60,98,90,68,78,72,40,64,35,69,12,71,75
39,86,88,87,66,52,66,49,28,32,81,69,84,97,94,65,70,65,10,67,65,18,19,1,36,21,73,2,53,22,65,89,31,63,0,15,19,30,86,4,69,2,39,94,68,78,34,78,88,58,49,94,96,40,84,91,72,61,29,60,54,97,82,47,50,92,55,76,78,31,19,98,81,24,20,20,28,69,72,25,31,85,15,50,20,46,37,37,44,57,26,57,94,31,27,69,11,32,3,98
12,46,40,77,63,62,21,9,48,72,60,59,25,32,99,24,42,82,39,3,78,6,67,54,17,90,48,31,97,29,70,75,66,12,3,24,2,98,76,59,89,54,6,60,75,41,79,5,30,46,60,24,54,33,45,68,69,74,64,10,85,74,66,51,97,11,38,94,31,63,24,66,24,13,75,8,62,92,91,33,50,58,91,92,12,98,64,9,39,54,95,91,22,93,1,94,53,48,82,73
36,68,49,44,21,40,29,81,40,76,4,89,75,31,0,64,43,77,97,35,85,45,55,14,24,80,48,49,78,75,99,69,87,88,35,35,91,40,12,73,33,1,57,29,82,22,58,83,44,61,83,23,99,10,97,33,48,42,57,65,84,6,67,49,44,37,98,54,37,91,12,99,30,93,67,65,75,85,94,98,53,43,77,48,91,63,13,85,65,63,2,57,97,88,10,37,37,64,44,91
18,36,52,57,19,58,98,55,75,77,52,5,71,9,83,69,12,81,37,64,6,48,33,12,80,4,49,74,89,77,93,8,9,45,30,72,49,60,1,12,4,1,85,5,0,49,6,3,92,39,30,94,7,85,36,93,14,15,13,38,24,23,46,71,80,79,77,9,68,44,31,67,95,20,45,66,52,92,43,77,32,74,9,11,96,59,6,19,77,54,11,6,27,55,5,96,39,32,32,70
84,7,11,62,16,72,64,18,95,4,11,4,19,58,36,53,7,90,28,58,51,39,0,32,96,9,98,25,69,94,24,86,53,90,63,37,59,78,37,57,8,83,28,32,55,38,56,16,57,2,94,14,99,61,93,0,83,74,10,17,75,10,29,28,38,16,73,70,81,43,31,48,92,62,79,76,30,35,74,91,82,14,29,7,26,54,49,36,38,33,22,96,7,56,17,20,11,28,2,40
82,43,81,18,27,65,75,93,61,64,22,71,8,51,49,1,92,3,92,51,53,80,26,64,15,8,67,99,71,55,13,43,12,8,91,68,14,44,95,23,64,54,88,13,19,55,45,25,82,35,80,78,56,79,76,76,42,55,6,50,77,30,88,16,82,87,79,3,99,12,51,58,19,73,97,22,71,74,34,32,85,25,28,57,89,30,35,18,32,28,48,48,18,54,50,0,93,88,71,14
8,80,70,16,52,76,47,86,53,65,60,15,21,65,63,17,61,52,15,46,96,85,26,92,59,50,58,57,84,95,38,12,95,35,3,15,32,59,37,58,61,39,90,90,98,51,97,9,30,90,33,90,24,82,2,67,6,61,22,89,58,30,66,94,48,90,3,17,91,45,14,88,5,14,19,68,75,47,12,77,6,80,64,57,52,98,82,1,55,29,46,79,99,1,40,78,59,98,13,98
48,86,79,41,4,88,68,90,26,17,83,20,54,55,85,15,93,93,60,51,1,29,59,6,74,21,25,89,95,86,19,80,1,59,37,36,84,1,23,46,16,32,75,85,15,97,3,50,26,9,80,26,37,59,39,51,74,36,12,42,23,6,7,55,61,96,34,15,77,23,0,99,95,98,4,10,75,23,14,22,47,46,96,88,44,7,74,0,94,1,63,56,55,4,50,38,29,87,68,36
51,24,66,39,84,3,61,99,24,81,27,48,12,94,40,75,22,83,19,92,58,20,74,79,62,12,91,51,23,68,59,33,25,4,39,92,21,4,62,83,70,26,84,49,95,88,34,25,47,67,93,92,37,73,61,55,27,8,51,40,35,43,67,34,82,19,11,69,67,33,60,17,39,8,30,19,52,49,73,77,68,42,43,46,78,56,67,36,59,87,16,4,14,85,61,50,39,80,70,52
14,64,54,14,23,65,69,97,23,95,66,37,57,93,83,67,63,27,17,91,28,9,32,27,75,41,77,54,61,43,17,52,32,37,48,76,81,5,57,84,10,37,23,47,98,72,88,55,76,86,49,7,21,63,74,14,31,61,70,71,26,30,40,46,59,97,92,60,15,26,9,96,63,25,72,70,6,16,44,0,81,97,14,16,42,72,52,47,77,0,59,28,24,80,64,34,37,86,71,22
2,72,94,39,56,76,92,16,13,24,6,65,71,55,52,42,33,90,67,74,46,38,96,40,23,35,69,53,44,97,32,27,67,58,83,7,89,27,49,36,94,76,34,10,27,18,37,81,59,33,63,59,18,25,38,41,28,47,35,44,13,63,44,66,94,39,70,51,22,43,37,47,60,41,3,25,53,41,22,8,96,28,30,78,51,67,82,43,50,38,66,90,54,29,83,5,12,65,8,79
36,55,12,57,93,19,51,39,46,67,57,39,28,93,12,77,11,15,63,39,57,42,78,74,75,53,51,37,10,70,36,19,43,76,13,17,49,87,21,27,52,56,66,68,87,47,21,88,29,54,15,55,61,22,95,73,60,4,34,8,27,43,30,66,15,61,87,72,63,94,69,45,79,24,99,86,16,84,69,60,8,76,20,83,94,75,78,31,28,19,58,8,36,36,51,5,44,90,18,10
8,55,46,61,51,37,95,49,92,42,92,96,18,36,76,63,34,42,97,79,52,64,31,27,41,3,14,12,49,71,36,43,65,7,50,35,84,59,82,3,36,28,29,91,19,63,43,3,76,53,52,66,18,17,94,77,96,82,83,85,83,1,58,60,18,62,8,75,64,80,77,88,61,84,60,94,51,43,9,31,39,28,64,5,37,61,55,38,6,10,90,9,8,21,46,60,97,37,86,1
90,95,4,91,65,88,68,32,95,2,30,29,68,96,84,22,30,10,18,50,69,60,32,58,5,37,43,56,13,29,35,32,50,34,65,70,73,71,90,61,42,72,23,2,14,45,69,25,14,37,36,33,60,69,79,89,54,34,11,75,47,67,18,79,57,93,22,69,59,92,92,2,69,72,13,95,99,96,9,60,15,29,72,20,44,43,6,8,10,95,76,36,10,52,51,86,91,62,98,4
85,74,1,87,44,92,3,40,6,36,90,47,31,59,88,91,27,10,60,76,78,68,81,1,72,83,71,16,59,68,8,57,20,50,31,4,87,76,37,89,87,92,98,27,23,5,45,66,41,61,73,90,50,40,65,12,48,84,21,0,19,25,36,6,8,51,70,32,45,40,2,13,82,69,12,53,20,2,24,87,42,70,19,85,3,73,70,68,61,28,25,87,47,50,51,63,39,79,12,16
93,91,33,53,80,58,42,97,4,12,29,97,21,99,18,51,59,93,23,56,69,60,80,55,25,39,73,37,89,64,28,44,60,0,39,99,17,37,6,93,96,84,55,85,57,17,42,9,20,85,69,4,59,84,67,36,55,89,1,93,18,54,68,76,71,20,31,60,77,79,36,60,34,28,19,30,29,18,66,18,61,23,78,86,41,10,70,84,48,89,12,81,57,48,74,21,8,93,38,50
38,63,64,5,14,7,15,31,22,54,41,71,11,80,49,17,33,53,45,44,92,65,75,32,58,24,99,91,54,36,29,0,25,17,60,10,35,35,53,52,92,58,47,1,51,37,96,47,34,57,27,60,31,53,96,23,29,99,66,86,30,14,27,92,47,47,41,61,31,29,7,12,42,0,83,93,54,20,37,36,87,7,59,68,11,41,87,87,90,51,21,21,31,18,60,43,54,25,38,20
89,62,98,69,67,94,56,45,26,30,44,62,23,87,93,43,58,87,11,65,0,17,43,3,73,13,33,76,41,4,9,60,49,48,64,1,56,12,81,55,83,18,95,68,55,51,3,97,26,73,2,52,87,64,2,3,65,51,28,0,63,36,7,68,76,37,25,79,63,96,40,20,31,51,26,70,32,37,23,82,54,99,35,53,36,93,73,14,58,3,34,94,83,4,1,18,35,13,73,17
62,62,56,12,79,27,57,13,16,11,29,51,60,78,71,81,82,35,3,50,80,71,90,37,97,78,75,34,81,64,97,64,48,85,94,71,29,13,31,20,52,67,50,29,13,60,73,34,88,46,74,97,83,99,49,79,55,19,72,5,82,10,34,20,20,46,32,2,53,45,59,58,20,92,62,53,86,49,49,16,73,93,14,34,40,89,26,73,26,18,27,35,62,10,41,64,91,82,6,32
40,84,73,84,82,63,58,2,4,21,16,83,56,57,26,65,20,48,32,94,18,18,18,85,86,4,59,88,13,82,83,42,38,65,59,51,6,70,63,88,41,93,22,66,8,62,14,23,58,55,62,43,87,14,4,52,71,18,15,21,11,63,10,33,21,95,32,17,69,60,63,66,40,59,97,84,63,77,36,30,59,11,0,3,42,75,75,42,81,79,41,17,7,52,82,32,19,45,53,47
8,44,58,14,42,37,22,55,29,99,81,72,90,43,72,56,65,91,52,24,77,96,82,54,7,7,49,91,33,73,6,35,20,13,89,56,79,13,59,60,81,22,96,50,35,56,29,94,9,48,73,46,46,40,49,39,52,5,18,96,86,21,19,81,6,91,12,8,11,15,19,42,36,56,30,58,44,12,53,98,70,30,46,78,9,66,32,4,62,13,50,32,83,27,45,25,87,26,38,56
