174146196,191927705,244228621,198784270,164325495,299082200,143967908,244361016,138557871,156631086
152472402,186371401,299745186,208530190,218248877,203107316,252174230,266149535,208589551,113669146
248861104,303398061,374511656,254433554,239452472,308121724,276076601,299581390,211052092,188762729
227380128,251182930,320025164,211982772,226407332,321620003,232337864,292806619,195622164,163096593
244886478,249253197,341715799,230003606,244080250,323643487,257255631,336352917,236108393,186423171
122942614,171753976,238945649,212800539,154881455,220294957,152517064,214499024,130505546,133213398
296714190,330603193,458113237,302304478,268831429,381593777,350478577,434969369,308039525,215527644
123179366,123202870,184477416,165902416,126905411,203018667,137477229,187957063,131451426,105246112
231057573,330958618,443652438,298276989,289647940,348127521,323327177,444332024,325419283,182160502
300839476,282948848,383408287,253580638,201076293,343066470,311090034,322804035,229656528,200472556
