81,47,56,38,32,49,24,93,1,3,30,49,11,96,39,14,62,12,53,27,29,14,88,31,19,64,63,49,51,39,55,10,36,78,17,29,99,20,16,97,30,5,16,93,18,81,12,54,9,67,43,56,71,40,38,55,72,6,42,82,98,27,39,87,88,32,40,74,80,6,69,79,21,77,62,86,27,32,48,8,47,45,43,23,55,2,66,11,1,40,26,31,61,2,43,40,48,96,91,5
89,5,64,41,80,58,51,10,76,11,67,50,80,11,92,62,6,48,96,24,98,47,52,81,26,51,32,46,3,67,17,81,28,86,81,57,65,98,29,65,32,67,76,37,3,93,36,15,19,65,89,7,25,42,72,53,79,12,27,65,49,35,9,27,92,83,60,29,93,82,57,21,22,27,38,40,22,27,4,78,80,70,58,32,75,65,59,84,50,45,40,92,63,89,87,3,32,81,86,14
37,6,61,82,6,81,39,28,95,29,30,30,45,30,9,43,48,63,77,96,17,63,29,63,82,62,40,15,73,55,15,43,36,47,38,75,45,31,7,34,99,45,62,80,59,64,83,85,2,39,99,99,95,26,57,80,98,76,93,73,6,53,19,9,1,75,19,93,89,88,94,26,7,97,88,46,38,58,75,45,62,60,26,46,74,60,77,86,16,50,83,8,80,44,94,16,89,88,72,40
63,63,64,84,7,56,51,73,55,1,66,29,1,0,66,75,82,87,31,80,7,75,5,32,35,34,30,33,36,36,80,89,47,61,16,84,63,57,88,24,41,11,43,93,99,55,20,10,62,45,90,96,70,76,51,77,47,13,80,83,36,29,88,59,23,30,66,22,31,40,3,94,54,64,21,64,43,8,94,57,90,94,21,93,71,96,61,9,89,76,51,42,87,0,50,11,19,36,55,68
82,92,23,27,4,32,24,73,76,16,24,59,0,72,17,11,24,64,3,34,28,81,89,34,39,3,99,4,71,39,66,58,86,55,21,10,44,77,39,41,42,71,78,73,66,50,92,24,92,76,61,87,91,13,38,84,11,67,25,92,75,64,74,99,10,32,66,54,71,38,48,82,99,75,0,33,54,20,47,37,8,36,46,77,6,26,89,70,59,96,1,80,32,30,68,21,32,15,86,55
70,85,16,27,14,96,31,28,99,31,33,72,21,4,85,76,12,17,45,23,7,91,56,1,62,10,72,55,59,34,44,59,32,20,20,93,13,77,31,73,69,46,87,73,79,14,18,68,71,69,20,52,27,37,69,6,79,89,48,62,65,62,33,0,66,30,23,67,23,54,70,36,6,64,65,61,21,57,53,5,63,17,58,36,83,25,82,20,72,97,77,35,15,83,5,16,58,15,61,50
67,94,54,50,84,66,63,92,33,97,6,41,64,0,92,72,19,22,75,0,92,94,86,82,78,37,68,27,90,42,85,25,3,85,17,21,47,0,69,89,14,53,52,20,0,17,77,4,85,65,30,84,20,35,35,44,57,34,12,97,79,30,49,3,21,57,66,94,95,81,41,13,65,70,40,82,50,97,60,63,41,94,0,86,41,86,6,53,80,82,87,68,18,46,12,62,33,55,17,29
87,31,32,99,58,54,58,18,42,99,81,42,71,40,80,91,53,33,32,15,5,57,97,19,14,75,21,31,34,14,37,37,41,14,56,64,13,77,41,49,24,26,71,99,91,76,76,84,97,45,77,95,25,61,52,61,40,26,90,89,68,67,43,58,69,51,3,69,94,20,56,62,71,30,12,96,58,38,74,39,53,91,83,61,63,18,45,76,99,41,81,58,10,48,92,46,60,9,59,75
44,97,75,79,70,41,77,88,74,47,7,98,35,48,16,82,29,23,29,32,46,69,12,58,26,28,37,80,91,32,62,75,28,30,78,4,91,87,54,5,74,88,41,57,88,33,65,55,49,11,86,83,90,2,69,73,26,37,71,24,81,88,93,31,77,84,99,58,63,85,91,53,39,31,68,0,62,77,76,78,78,8,6,29,83,31,98,50,55,66,68,75,55,78,42,0,24,49,64,93
79,72,27,14,33,51,74,38,94,45,51,79,6,77,21,88,95,1,30,63,10,62,1,45,83,33,14,6,13,28,82,27,84,43,26,48,80,22,66,11,68,48,95,58,77,25,60,73,89,18,50,11,94,50,25,60,22,47,27,12,99,77,82,22,8,65,39,3,13,94,76,46,52,9,50,45,23,95,1,65,36,41,99,6,56,48,16,27,32,85,26,30,18,54,85,40,6,97,49,75
85,38,28,45,64,87,37,54,98,83,38,34,67,76,67,48,23,45,35,58,56,37,21,57,72,24,81,88,59,17,63,50,90,10,91,64,13,68,34,75,90,61,7,66,81,35,75,6,17,6,33,2,17,41,19,45,59,19,57,12,71,40,31,10,50,90,26,73,64,98,88,51,4,66,55,27,46,0,13,10,72,71,46,46,25,55,18,24,95,5,23,0,26,70,83,68,7,12,90,96
49,15,15,40,42,83,52,60,57,85,17,31,40,55,18,96,44,87,33,36,88,96,73,57,76,16,87,72,11,52,63,20,61,90,39,78,19,60,0,61,56,51,13,89,11,29,30,58,76,35,89,13,84,4,64,39,99,31,78,35,96,58,35,99,73,56,92,75,87,64,53,1,23,71,2,29,40,2,23,23,60,95,2,82,93,33,77,36,80,20,5,61,6,38,38,24,17,64,3,88
50,20,34,1,7,24,39,13,98,30,37,20,66,38,29,76,28,5,14,90,89,76,16,73,85,43,94,42,87,53,86,55,84,82,88,45,85,98,79,63,79,12,44,94,12,22,70,7,67,98,14,89,79,20,96,27,92,16,36,22,16,81,70,92,64,47,30,81,75,53,13,50,18,73,12,92,15,89,71,24,51,54,30,63,38,4,77,24,85,4,97,38,75,42,0,14,86,45,60,95
60,41,40,52,94,27,91,76,11,23,77,11,58,43,7,28,13,49,61,83,13,61,70,78,42,49,58,13,26,71,87,70,3,37,67,9,76,9,34,55,93,35,4,95,74,86,14,67,47,22,14,67,71,85,45,80,37,14,77,96,36,89,78,31,87,50,42,82,53,91,82,3,72,98,6,93,95,42,92,85,0,27,37,94,52,98,43,59,46,8,75,91,83,40,34,93,60,33,60,58
93,86,0,71,79,54,26,66,2,44,88,74,28,94,6,5,84,71,16,50,44,44,51,24,35,53,36,89,59,47,76,96,43,5,61,92,80,10,22,95,33,71,1,32,26,78,95,37,84,97,49,37,63,28,33,39,58,14,82,89,93,57,59,66,13,63,20,89,2,22,68,97,42,22,5,7,82,50,27,49,19,33,95,17,75,77,47,51,39,4,70,56,24,3,52,16,28,60,23,35
99,37,72,11,58,52,87,81,92,2,84,36,70,14,46,23,2,87,2,5,15,95,85,97,58,67,82,9,86,38,13,19,12,87,0,24,23,55,2,21,15,3,83,40,11,9,29,67,13,62,70,26,55,36,82,77,68,85,87,7,97,68,88,85,54,21,47,37,70,45,9,35,83,52,49,4,53,60,63,71,5,35,34,41,30,38,41,58,65,99,86,31,57,96,40,97,92,69,93,1
71,74,35,23,27,60,61,56,3,51,80,30,88,57,68,29,15,52,91,38,82,56,62,27,52,35,71,32,35,17,99,11,56,76,73,49,18,57,50,19,34,52,80,85,59,78,81,34,81,19,83,78,15,16,94,90,81,6,64,16,2,94,55,94,48,77,57,11,98,16,87,18,28,87,64,45,89,50,1,86,81,18,61,31,66,24,71,68,7,98,77,43,4,59,31,98,42,32,49,49
34,96,82,18,69,0,53,88,7,21,50,48,72,62,32,89,90,62,3,30,37,84,60,98,96,4,46,83,3,73,40,6,70,34,74,68,49,81,11,15,18,41,99,73,69,53,90,56,7,12,61,73,61,18,67,95,94,65,85,48,45,65,53,51,80,97,69,98,43,61,55,46,54,21,92,23,69,77,17,1,66,91,97,19,21,16,1,69,39,23,24,65,93,35,82,60,41,56,24,94
42,87,80,33,4,80,43,61,57,1,5,56,61,36,51,31,30,1,79,40,16,72,4,35,34,26,57,89,33,27,30,2,42,81,73,39,7,67,39,90,70,67,53,79,93,44,33,34,14,43,83,61,86,23,79,24,2,79,64,53,87,43,32,22,27,99,21,14,30,17,77,18,24,55,19,4,87,43,98,45,58,47,0,46,30,74,41,26,66,75,60,35,57,44,43,68,51,37,91,50
54,40,9,68,92,88,22,2,14,91,1,73,6,32,73,33,85,36,8,33,60,44,20,34,18,70,42,1,86,3,45,63,46,42,97,60,64,39,95,91,87,1,5,44,4,39,72,5,16,92,90,44,19,87,71,48,21,93,50,31,60,32,47,10,1,6,8,58,76,99,41,85,52,50,14,88,38,19,11,63,67,4,11,53,20,76,80,41,55,0,24,92,65,88,57,51,44,20,42,55
15,10,98,74,96,4,87,30,15,31,23,43,93,12,29,25,15,49,98,62,83,11,30,71,96,50,16,20,13,66,77,41,22,83,49,7,22,43,23,72,36,78,15,25,78,94,96,80,26,56,3,89,61,39,29,85,37,54,75,53,52,5,30,97,29,9,30,84,7,69,21,65,85,9,41,51,41,91,76,67,59,89,43,19,0,55,91,92,65,50,69,87,55,87,43,3,17,63,15,93
61,97,22,46,13,8,59,31,88,83,62,51,15,21,59,63,31,59,51,72,36,85,33,95,30,73,53,62,94,27,2,63,18,16,77,21,17,82,65,37,84,20,44,25,21,75,32,50,71,59,56,97,27,7,84,9,25,38,56,34,38,23,25,70,83,35,78,48,0,8,83,64,42,96,83,51,61,22,70,21,48,29,75,22,32,7,77,74,98,27,30,52,32,87,62,47,11,15,7,78
25,65,59,34,54,77,43,61,49,47,63,48,22,54,42,23,81,52,67,89,57,10,70,6,46,16,50,71,71,82,61,22,12,26,10,75,92,54,47,21,93,86,74,76,97,89,33,35,3,10,10,0,24,40,70,67,68,51,78,44,39,47,49,28,61,96,55,10,32,11,74,53,80,83,79,76,89,17,75,27,72,90,82,86,96,6,27,85,18,84,42,87,21,73,56,93,94,61,87,19
80,46,12,60,81,35,39,97,89,51,10,9,81,36,42,50,1,90,29,11,73,88,27,15,26,68,26,78,29,68,60,14,76,40,73,51,83,76,86,87,48,42,7,49,53,62,26,35,8,47,75,59,88,67,67,10,9,78,27,97,97,93,47,85,22,75,37,46,31,74,60,78,70,81,22,2,19,50,84,0,9,81,78,32,1,36,38,9,41,40,35,85,72,28,90,27,84,71,24,26
62,58,51,39,60,96,64,54,4,45,21,88,3,51,61,83,3,97,76,40,22,27,86,50,36,12,78,5,69,45,44,3,41,33,56,10,51,54,19,19,15,24,0,51,93,19,59,46,86,58,63,11,77,91,77,53,64,46,88,16,88,82,54,78,7,3,43,40,42,97,97,35,51,22,41,50,69,15,72,31,3,1,23,91,44,72,27,12,41,46,31,79,4,85,38,41,94,23,67,82
38,26,7,14,20,90,7,76,23,59,5,10,16,36,13,80,29,86,0,45,42,70,12,95,71,84,80,32,72,21,95,90,69,91,68,45,55,95,88,17,80,74,54,43,39,38,18,23,35,54,27,5,20,84,97,83,15,64,92,75,83,93,93,97,35,92,61,60,58,95,64,36,44,95,15,94,27,5,77,23,21,30,4,26,4,77,19,81,22,18,17,26,16,2,14,6,26,53,33,26
88,6,92,48,43,35,53,21,99,13,9,18,66,40,54,26,57,50,45,31,33,62,20,26,3,3,61,65,79,40,57,62,38,10,38,19,26,16,55,44,64,13,59,75,85,85,72,44,98,14,88,96,25,33,20,7,90,31,72,42,8,48,33,27,24,98,18,99,84,40,11,20,98,39,30,97,48,54,66,37,33,42,98,87,39,9,82,43,13,45,5,61,9,13,97,77,82,96,23,42
28,90,44,74,3,35,52,14,50,2,54,56,65,48,16,33,40,28,86,77,5,21,24,54,24,84,90,58,41,8,21,35,90,8,27,19,20,35,30,7,60,40,6,85,1,46,41,22,42,84,62,51,60,94,84,90,94,13,54,94,18,15,88,95,47,74,36,30,60,66,63,45,38,91,98,91,38,56,90,57,35,91,38,50,39,98,26,26,49,45,55,68,52,62,59,81,8,48,79,94
59,10,0,47,64,57,84,35,87,61,68,62,35,42,61,5,2,23,73,66,30,41,56,65,52,55,89,87,88,72,37,10,55,1,97,17,83,28,7,71,42,43,38,88,18,36,12,52,36,77,94,7,69,61,8,90,47,38,30,10,60,36,88,91,25,9,98,97,53,56,0,44,1,19,12,90,79,39,92,34,88,68,67,9,38,97,74,11,37,54,83,29,7,29,28,47,59,47,57,40
40,72,6,38,98,9,74,10,19,24,12,5,93,94,86,75,3,59,19,56,38,31,18,82,27,6,84,91,13,78,98,18,1,84,2,9,73,67,31,85,98,51,24,65,74,98,12,99,86,31,9,0,24,20,88,73,68,41,38,47,39,12,92,70,51,10,70,67,0,13,17,50,54,70,7,27,62,71,96,82,67,60,25,24,7,13,93,50,33,15,43,51,32,40,79,87,45,97,96,20
44,13,58,83,21,34,15,66,82,58,46,43,26,64,92,45,29,24,19,44,66,39,56,85,69,70,28,49,41,2,14,61,24,55,33,63,78,1,46,53,87,48,21,80,56,45,0,45,0,55,80,91,71,60,56,77,13,24,26,22,71,11,2,38,73,12,44,7,92,86,75,96,80,43,16,88,85,14,35,75,89,2,8,18,7,88,66,19,70,47,61,98,45,19,91,50,21,2,78,39
58,49,63,5,42,95,72,12,81,22,33,86,91,45,52,60,82,36,96,31,9,24,71,63,0,42,41,16,34,4,77,29,58,85,94,45,65,6,72,22,48,59,94,59,20,98,11,48,56,94,83,0,54,56,53,54,17,33,22,92,48,47,26,66,70,82,49,67,61,99,95,57,99,51,30,19,95,22,64,79,58,7,6,31,10,74,63,39,27,34,33,27,0,40,7,34,66,21,66,85
27,75,63,85,59,7,65,59,69,82,46,40,97,92,12,32,35,68,85,27,61,83,14,26,0,64,6,19,6,49,57,68,61,52,97,16,96,48,30,69,46,91,26,17,70,70,73,65,89,97,31,30,80,48,14,44,19,77,69,55,33,54,95,13,46,55,1,18,29,2,85,73,23,48,0,61,55,88,98,1,54,50,14,69,76,55,86,78,78,70,41,28,26,45,35,46,72,77,47,39
5,22,76,13,80,94,34,50,79,33,34,34,78,50,83,59,76,34,47,42,54,21,97,22,11,76,78,68,20,69,56,38,31,87,94,45,27,52,8,32,21,38,80,55,21,30,55,63,9,77,70,13,16,50,7,55,71,49,64,73,96,90,15,35,62,70,49,52,6,10,48,83,60,19,14,6,99,41,31,96,11,13,88,74,90,4,75,28,68,46,45,11,71,35,7,52,22,94,8,72
55,5,24,25,14,19,48,68,90,42,2,47,49,8,95,34,27,91,4,35,72,75,1,45,32,1,10,64,89,15,24,32,27,45,25,61,40,2,91,30,20,47,60,98,14,85,17,29,79,4,64,39,3,33,36,7,12,55,13,5,7,79,70,36,98,13,33,3,36,17,4,89,99,2,46,76,50,59,86,60,63,44,26,0,35,15,51,74,36,29,31,15,83,47,80,75,72,71,48,85
75,32,23,0,44,97,84,60,26,80,20,2,57,71,27,17,76,54,46,95,28,0,66,57,5,84,60,22,45,61,98,23,4,5,54,93,98,43,62,33,76,89,3,56,47,97,64,95,93,82,77,90,63,57,61,82,22,87,89,54,63,15,7,96,14,83,45,48,61,6,83,27,94,32,9,6,94,5,43,25,16,72,74,88,72,63,22,91,69,90,52,46,33,91,90,70,48,94,87,21
5,3,34,45,7,21,89,86,86,97,55,67,42,42,6,25,45,85,13,84,53,91,33,81,17,33,13,88,19,71,79,10,50,36,18,94,13,57,39,27,68,46,93,34,40,66,12,67,84,54,2,67,15,94,39,81,98,35,37,98,30,60,77,14,50,93,47,83,5,99,50,6,34,94,15,5,14,31,37,85,83,98,45,90,13,99,47,84,23,40,37,73,77,78,90,98,76,7,5,73
78,60,53,40,80,23,67,95,83,3,60,25,74,2,0,29,99,39,67,25,96,86,52,73,85,44,37,83,41,37,4,32,4,93,82,57,66,57,26,56,94,74,91,29,79,9,59,78,98,36,38,25,88,24,86,57,17,98,82,72,25,46,93,39,89,59,4,33,31,31,78,75,41,80,83,53,55,89,78,71,22,67,18,52,35,74,89,87,30,72,81,19,33,64,90,9,35,31,26,84
72,90,39,61,6,18,13,96,78,0,96,99,3,85,22,38,77,77,84,79,96,41,8,52,23,53,60,54,34,66,31,4,88,25,36,70,74,8,53,61,44,44,48,26,52,61,78,66,49,65,10,80,40,46,17,46,78,18,13,41,84,90,16,2,61,40,47,2,43,42,55,34,43,54,98,6,55,30,88,99,61,59,19,90,33,32,30,68,0,76,26,9,32,31,64,25,79,99,7,49
34,8,91,41,49,47,10,98,52,8,97,22,84,19,99,74,36,21,56,71,22,28,35,78,19,47,54,70,59,67,14,7,16,32,36,29,55,19,90,56,97,13,97,39,53,9,8,2,76,99,60,11,83,82,89,63,15,34,19,37,66,53,99,90,90,75,5,84,34,99,72,90,37,54,22,73,34,19,5,10,52,47,49,9,34,86,87,59,67,56,41,39,82,37,40,17,88,46,49,77
67,33,88,26,66,15,75,23,41,48,88,38,31,2,63,0,74,87,53,37,97,19,17,21,68,83,2,50,35,35,15,65,66,15,93,10,53,60,96,53,14,55,82,19,41,79,53,7,64,36,72,78,95,59,21,84,82,86,80,76,4,89,23,26,34,76,44,46,28,45,69,64,0,60,23,94,65,54,26,61,66,85,72,27,66,36,35,91,6,70,45,19,82,63,11,80,0,58,90,24
40,63,82,8,15,37,61,98,89,93,89,37,62,14,81,21,14,64,37,25,66,60,6,24,44,82,81,44,79,52,55,39,69,23,10,61,95,90,45,22,21,44,93,72,42,77,29,46,73,31,18,58,52,72,53,72,25,14,56,35,35,47,74,90,5,13,55,80,5,21,56,46,44,76,33,54,81,0,56,58,87,53,72,6,10,29,35,24,3,5,84,32,55,29,12,69,55,24,50,50
86,75,93,48,78,1,13,6,83,24,97,7,40,54,63,46,57,90,82,65,84,64,51,7,3,38,82,53,36,26,77,4,9,21,70,28,17,34,57,83,47,74,36,98,28,73,73,50,5,54,65,27,61,22,74,41,18,10,78,12,13,8,16,94,81,20,70,91,21,82,57,11,61,16,74,23,94,98,30,63,46,92,97,97,14,40,84,98,17,58,86,35,10,13,72,93,39,78,81,78
46,98,58,17,19,38,83,89,46,95,85,43,25,75,63,26,69,79,87,49,40,49,26,52,8,46,68,0,93,36,85,80,16,61,58,3,97,46,90,71,56,87,35,18,95,31,80,86,49,86,96,22,96,69,98,1,2,28,55,12,45,29,58,51,36,34,20,66,40,35,94,85,63,73,91,42,99,95,26,76,6,91,38,22,25,94,25,85,16,19,66,95,20,88,75,78,57,36,6,67
96,28,14,24,15,64,48,39,28,38,46,14,66,37,60,67,94,90,59,63,32,48,51,31,89,39,56,15,41,92,28,24,66,64,10,49,44,97,34,81,29,6,52,98,51,28,55,94,19,51,88,63,16,95,38,56,95,96,42,45,21,7,67,25,77,11,37,65,9,58,79,32,91,3,58,33,70,46,72,84,82,52,57,82,1,29,8,73,98,45,27,44,33,85,75,23,25,20,33,33
31,1,33,44,84,10,68,5,84,64,44,19,80,65,54,88,87,2,31,43,4,73,16,18,13,8,42,46,49,92,58,81,3,77,68,3,27,68,24,31,42,43,13,41,47,65,8,42,78,66,26,9,69,4,48,87,66,28,60,56,99,59,83,33,63,49,87,55,90,57,24,6,61,50,85,78,59,31,68,35,88,70,39,96,79,89,94,78,76,19,4,18,88,1,83,12,29,22,12,48
39,58,95,37,0,67,83,27,63,20,58,14,8,80,48,94,28,99,61,27,14,53,78,52,12,83,99,13,57,66,24,72,56,20,14,82,81,56,61,59,53,63,62,92,45,80,86,49,75,64,15,68,83,14,34,59,13,93,33,11,59,35,80,31,24,56,87,47,79,37,95,43,16,57,82,60,66,72,42,33,72,7,87,87,58,77,1,42,0,96,63,53,0,57,7,66,93,62,39,10
10,86,0,92,17,66,48,13,11,49,5,32,65,13,77,90,79,84,85,5,58,59,93,18,45,26,35,71,11,44,81,41,7,97,51,88,15,75,42,20,57,38,33,38,86,80,75,53,75,10,89,16,19,17,77,38,35,22,44,45,72,39,9,65,69,78,75,39,17,55,16,45,51,75,92,8,97,59,88,17,95,42,45,76,92,84,17,45,51,31,95,2,78,63,27,99,33,12,71,41
96,80,83,87,57,74,4,37,37,17,84,34,58,96,72,82,28,42,45,80,46,70,77,10,92,83,32,77,22,85,35,38,25,24,1,75,26,17,5,34,74,6,13,64,35,83,5,27,4,66,83,38,43,41,36,6,43,35,56,73,66,80,52,48,78,30,58,64,21,42,76,81,38,21,30,40,67,3,70,98,46,38,24,38,59,29,47,99,90,84,0,13,58,63,85,5,23,92,31,61
9,31,96,28,52,98,75,69,47,26,67,7,70,9,96,85,3,37,1,10,60,73,18,50,55,41,37,21,94,39,34,78,50,63,8,27,77,34,62,74,5,36,33,80,0,69,7,54,4,42,5,78,74,17,65,46,92,87,64,37,51,69,36,84,79,47,70,70,28,44,93,33,7,19,83,59,57,16,73,41,22,3,25,78,59,82,50,31,52,34,70,76,20,45,42,93,56,76,8,11
44,22,68,85,29,46,16,86,81,78,50,57,64,71,22,50,3,14,22,49,97,73,89,2,63,27,17,41,16,83,44,91,99,3,74,85,23,38,68,4,93,88,1,17,3,53,53,58,90,38,67,72,90,46,67,47,16,93,85,57,39,37,67,90,74,18,43,14,89,84,61,41,37,7,10,50,99,81,17,19,54,9,64,73,52,62,96,68,38,45,1,1,44,33,28,63,29,59,33,9
36,37,86,31,72,68,60,68,44,68,53,81,98,87,45,36,70,63,82,28,71,34,44,53,81,34,46,0,4,30,89,22,99,25,44,41,57,99,67,67,95,65,1,9,95,67,83,45,26,71,86,90,16,37,82,52,64,60,16,46,90,35,1,85,97,18,88,15,45,0,94,99,81,6,26,0,19,77,44,13,24,39,97,3,94,89,95,99,69,44,13,17,77,7,63,88,72,64,3,63
76,85,94,61,57,60,22,71,51,9,19,51,88,55,19,27,70,48,82,75,6,9,85,48,67,71,67,19,72,22,15,85,85,19,1,80,56,29,11,34,11,27,23,71,74,78,55,92,13,80,97,30,72,18,29,78,68,41,86,71,2,33,44,16,89,83,65,59,5,34,53,42,35,29,9,33,31,8,71,87,75,35,45,40,81,40,0,79,68,25,36,24,34,59,25,67,3,76,74,88
94,36,9,96,91,93,13,54,86,58,61,35,55,65,31,38,77,66,67,96,16,79,65,64,78,52,2,14,39,15,17,17,93,93,36,81,96,8,68,60,68,87,8,97,4,79,17,82,12,68,81,97,46,19,26,67,50,77,26,81,77,66,99,68,48,95,49,75,66,96,38,22,19,24,42,46,8,42,78,54,73,75,67,4,7,52,7,46,41,55,61,16,70,90,12,44,15,12,6,74
32,60,4,93,41,28,72,11,82,87,28,12,10,0,39,33,56,67,11,56,53,80,50,39,35,79,77,4,36,7,90,40,56,31,87,3,88,22,58,35,20,88,85,69,97,28,60,99,54,44,61,11,56,78,94,58,75,26,0,73,16,58,24,34,75,74,22,97,48,4,99,27,36,1,8,15,64,63,91,48,63,69,60,1,75,56,38,3,39,5,27,60,21,46,50,39,8,47,11,23
3,21,40,70,55,65,72,27,71,99,5,68,3,45,45,11,8,43,43,36,94,87,4,12,58,97,56,56,60,31,26,66,40,5,84,7,12,87,23,82,6,0,36,63,37,80,56,78,91,2,54,24,93,50,56,66,30,78,76,40,12,77,59,96,40,23,33,48,79,11,25,29,40,86,58,93,99,26,90,78,82,91,18,55,46,97,81,83,93,39,29,54,9,32,7,23,26,64,75,33
7,44,14,36,67,74,70,99,84,66,48,41,64,96,78,93,49,51,50,97,15,63,64,14,6,10,47,28,90,70,88,67,90,54,80,8,43,61,51,14,13,45,38,38,29,67,4,31,41,25,94,10,90,99,46,35,4,72,82,36,25,39,22,59,85,74,2,84,52,50,39,43,29,3,92,30,81,65,85,33,62,76,9,77,41,46,63,45,17,20,7,43,91,59,93,23,47,42,50,50
27,83,56,61,7,3,29,69,24,81,81,95,4,24,42,5,62,71,60,45,10,19,59,0,14,1,46,56,98,60,66,4,38,83,29,19,55,64,58,69,15,56,39,89,61,15,90,44,54,11,95,87,11,36,78,81,35,89,31,5,33,12,54,98,11,49,60,87,11,37,39,97,62,34,41,72,23,79,72,31,22,30,22,62,60,50,95,60,43,88,72,60,57,21,31,2,64,94,3,83
51,25,98,94,83,60,1,95,6,0,33,19,24,98,17,86,24,51,38,58,32,62,1,21,2,97,15,31,20,42,32,90,5,81,77,55,18,52,27,23,67,67,27,12,49,42,9,5,11,0,88,86,90,62,21,51,67,13,44,82,3,78,72,41,60,78,29,21,87,10,89,79,72,67,15,99,30,27,98,5,32,99,89,56,49,34,16,11,17,15,55,63,63,98,31,10,11,21,32,72
82,26,46,64,33,71,79,78,40,19,67,28,55,48,62,67,13,73,10,56,1,40,60,26,80,94,83,54,49,15,97,49,44,8,0,58,96,56,93,91,73,66,90,11,55,99,57,88,49,52,64,40,42,52,68,88,18,90,78,86,42,29,62,10,68,88,58,88,76,26,92,69,62,94,78,87,6,6,93,55,83,95,97,53,21,29,39,64,90,59,67,94,71,50,83,79,24,76,58,9
70,34,71,49,43,89,98,35,64,13,52,7,94,23,60,90,27,10,1,0,68,35,65,69,46,21,98,6,89,98,29,24,83,79,59,95,40,92,94,46,42,0,51,97,83,16,12,15,98,16,99,8,92,38,70,81,22,39,98,67,93,40,67,84,90,49,56,39,36,34,81,63,19,92,33,7,21,66,53,57,58,29,94,37,12,17,52,72,44,68,37,56,46,25,99,9,59,73,26,1
93,99,44,17,8,64,50,14,0,54,82,13,77,87,31,34,9,36,39,53,14,18,87,93,96,56,42,40,16,99,38,42,27,46,35,8,60,31,0,63,79,60,12,13,76,56,13,80,32,16,13,0,96,21,18,61,35,85,69,19,30,99,44,30,5,4,70,10,90,28,73,59,77,54,3,95,76,3,12,62,13,6,96,91,48,2,63,45,37,97,96,3,67,32,57,9,52,97,33,69
38,98,67,66,95,16,11,22,60,17,36,44,7,90,4,32,11,25,18,91,89,18,61,32,73,61,52,79,82,75,51,61,18,24,89,0,39,31,85,4,48,70,62,88,58,24,14,52,78,43,94,52,56,54,79,61,60,34,10,78,34,73,42,6,63,74,53,38,78,12,23,2,11,32,70,82,45,19,81,17,31,29,90,15,51,19,83,7,97,54,4,49,46,45,66,82,4,4,89,70
81,76,60,3,83,67,3,88,21,25,39,21,55,11,69,15,2,34,18,34,29,46,91,54,8,66,96,68,91,40,21,45,0,21,58,94,26,95,26,41,54,35,53,7,20,82,86,57,68,12,9,69,75,68,67,95,19,70,36,54,24,44,32,74,31,65,8,70,28,6,19,70,70,67,23,29,8,21,1,82,76,27,85,38,79,43,12,22,56,4,58,33,52,10,55,5,80,97,16,94
68,22,42,72,36,66,80,29,52,85,86,50,76,98,71,85,94,95,28,50,27,56,12,85,47,90,93,19,86,34,89,83,87,80,98,49,77,42,3,75,26,92,32,70,32,83,59,37,36,62,46,16,71,22,85,99,55,70,58,38,24,18,99,36,73,78,92,0,54,61,18,42,99,14,45,4,72,48,9,58,41,58,21,74,26,46,71,28,52,85,54,38,80,91,45,3,58,9,86,99
70,57,85,47,77,16,12,69,13,10,19,54,88,99,89,28,6,31,29,93,7,54,75,13,91,0,35,71,34,96,26,59,70,30,60,71,69,5,71,46,40,93,17,42,53,12,62,96,19,89,22,71,23,25,22,66,32,49,7,82,52,76,5,0,11,37,1,81,72,94,39,45,11,62,54,51,65,12,96,87,82,89,94,45,45,66,22,77,47,64,54,46,63,91,89,91,28,19,32,40
83,45,43,88,45,96,50,17,21,27,60,55,1,39,2,23,73,93,11,80,49,93,73,18,50,8,24,20,23,84,9,73,6,98,29,85,29,71,9,55,38,38,29,42,84,40,92,3,75,30,49,81,56,58,81,8,64,70,87,57,8,25,91,52,18,55,39,87,87,89,70,2,1,53,24,68,86,92,40,30,89,14,65,68,57,92,69,18,15,47,94,36,34,25,21,37,95,27,53,55
4,40,11,15,80,31,1,13,25,34,28,27,75,36,64,81,76,2,97,49,38,95,24,12,13,16,33,95,19,8,51,87,61,25,23,39,91,14,37,91,51,39,36,9,98,50,34,52,89,48,1,86,52,91,64,71,90,0,78,84,67,67,91,51,57,58,53,91,77,18,40,9,58,50,84,0,84,30,68,95,80,96,30,75,27,46,97,19,79,21,7,88,37,35,33,15,23,23,61,42
83,32,78,79,86,34,10,55,51,21,53,6,16,67,41,37,28,84,94,60,71,60,49,59,29,61,51,70,93,48,62,2,54,81,44,81,92,90,27,13,12,34,19,39,26,86,88,75,96,79,30,45,55,0,7,16,38,69,96,9,38,83,90,61,61,47,8,10,95,8,48,42,56,95,46,95,34,8,32,84,56,24,22,29,56,59,29,41,92,35,15,83,15,84,80,0,36,88,33,17
51,7,12,19,41,53,16,6,13,99,82,59,13,7,52,95,90,45,23,65,40,86,37,18,58,44,45,74,43,87,37,96,35,69,51,63,80,69,23,44,75,65,20,92,80,43,83,0,91,20,73,79,28,50,60,38,47,35,57,36,35,44,5,26,57,17,84,67,27,76,43,53,3,5,77,7,12,21,94,96,51,18,94,21,60,3,89,27,64,10,42,51,3,78,75,91,39,88,30,58
33,89,92,48,10,28,42,56,17,16,10,13,7,0,42,88,47,96,30,10,78,75,85,36,52,60,39,74,42,78,63,80,30,0,27,53,38,83,80,73,47,20,0,90,84,4,58,56,92,57,97,68,13,95,30,29,73,64,7,16,10,84,51,71,11,79,12,11,88,30,49,89,69,70,93,20,8,52,7,71,75,12,40,60,14,38,85,48,22,66,6,20,86,59,10,2,9,92,79,55
8,44,57,11,42,30,37,70,64,38,98,95,1,82,37,5,9,26,37,81,88,81,80,97,49,7,61,68,97,79,29,57,87,91,41,21,11,79,53,51,97,62,60,97,65,9,48,38,21,5,76,67,81,51,34,64,72,94,89,86,73,80,63,25,25,16,77,43,68,83,75,96,55,72,17,50,16,80,75,85,40,25,59,44,25,87,44,93,94,8,84,32,44,51,49,42,57,57,8,76
19,74,26,1,77,4,16,78,48,20,81,89,59,84,57,22,17,9,89,94,91,20,20,14,46,92,22,54,41,11,31,40,12,20,7,29,51,91,99,82,18,49,52,98,10,58,20,96,8,58,71,2,54,70,71,47,11,27,94,83,6,7,15,19,63,4,95,57,84,16,44,34,8,45,1,81,97,82,79,39,2,73,45,63,52,59,24,3,52,56,14,16,11,4,84,20,52,84,70,87
96,58,86,98,98,3,67,68,42,3,10,92,89,53,85,19,7,14,48,71,43,98,9,64,63,14,85,57,2,37,81,17,18,94,89,88,81,8,58,51,13,55,1,65,92,73,0,32,63,3,69,13,13,88,24,61,95,39,88,77,53,41,63,83,18,17,95,63,69,50,87,46,63,46,46,44,30,70,72,0,45,7,53,66,33,36,24,92,79,95,39,41,49,0,67,90,34,66,25,58
16,37,75,6,69,78,7,76,93,85,4,96,47,40,65,66,16,60,85,33,97,98,75,33,62,27,86,68,69,87,1,1,77,77,48,29,38,98,64,24,73,37,37,89,59,67,12,56,88,92,86,68,80,80,12,7,48,14,6,61,53,1,55,8,84,68,39,55,47,18,7,14,50,27,77,9,47,28,43,15,27,52,24,89,78,45,91,89,82,12,72,63,15,80,18,57,91,84,48,92
19,5,96,43,43,96,90,2,50,48,45,27,8,25,75,45,52,79,36,73,11,37,3,69,14,68,54,41,50,88,58,99,83,37,17,94,35,67,95,26,31,38,48,66,64,65,21,20,41,45,86,28,50,1,49,47,23,40,56,51,69,48,3,8,6,67,92,38,90,36,35,16,13,3,66,66,63,53,76,67,76,40,37,79,56,49,95,27,29,80,15,80,12,15,62,45,56,15,66,53
55,14,24,73,34,33,43,75,72,6,13,25,78,0,83,22,80,78,96,69,98,5,80,67,85,31,48,51,5,87,31,14,77,11,28,70,69,21,50,51,26,57,76,88,91,48,55,39,59,55,81,50,35,10,24,14,51,51,34,56,13,68,28,45,99,88,12,6,74,18,30,72,73,7,83,72,70,58,76,14,12,0,24,5,91,59,7,64,13,32,37,73,54,19,21,61,49,25,87,69
54,27,54,60,16,53,23,50,56,2,34,20,55,32,15,91,72,23,98,34,71,9,15,46,6,62,89,74,47,96,11,72,86,3,19,81,25,2,55,98,78,49,86,65,47,97,80,80,76,20,67,30,43,80,67,6,91,23,83,80,63,19,38,9,37,61,40,2,70,46,73,36,56,39,0,2,91,46,59,32,18,80,37,58,54,20,69,53,92,35,56,16,92,15,49,45,84,67,67,51
55,44,92,28,73,82,80,36,80,96,24,88,18,75,71,17,58,29,94,16,94,18,45,69,72,80,64,18,91,25,19,76,85,25,95,24,39,73,18,59,12,76,50,13,25,98,94,64,35,51,51,66,45,63,75,36,75,88,53,67,69,83,75,78,20,95,99,57,34,31,12,28,31,88,35,65,53,48,77,13,54,52,42,26,70,46,92,6,21,18,68,50,50,99,68,7,94,89,29,12
94,59,43,36,76,67,76,92,71,92,12,16,80,61,17,49,42,95,95,27,64,56,67,22,62,12,18,19,98,95,51,54,10,80,15,3,86,6,91,50,58,27,45,27,81,28,67,8,83,18,37,49,89,63,13,95,22,79,16,52,89,33,38,17,74,96,6,40,49,34,93,53,72,34,83,84,0,23,64,20,86,25,21,13,64,35,71,23,23,11,44,6,43,43,98,54,50,5,51,42
93,43,24,14,41,12,90,24,6,21,54,72,55,32,94,83,86,11,1,93,48,26,46,48,47,97,50,75,53,44,73,22,6,58,61,48,14,20,25,29,49,36,25,95,68,8,98,53,56,42,53,4,17,39,66,27,72,90,51,22,24,86,86,62,36,99,31,16,36,95,82,0,75,88,46,29,81,81,82,68,4,28,23,44,67,50,79,6,87,27,36,43,16,17,17,52,85,34,42,37
64,72,39,42,25,71,14,40,31,54,77,82,59,45,96,23,76,16,80,29,96,48,87,32,78,7,25,38,62,7,3,61,91,87,40,50,6,68,57,24,37,29,88,7,77,56,4,77,53,63,29,30,93,81,63,58,82,76,64,4,30,86,72,13,34,22,67,18,76,63,13,67,79,85,70,67,9,38,95,43,25,44,56,41,13,4,36,63,69,75,18,9,95,32,73,79,86,98,84,85
60,51,16,70,27,61,60,48,22,58,12,8,77,42,16,47,2,79,67,99,88,32,61,61,8,48,76,38,77,22,25,28,50,57,2,62,10,57,19,2,32,58,33,18,84,71,48,14,19,39,92,75,28,56,11,50,98,31,56,90,85,42,63,56,23,57,7,83,30,40,92,3,36,34,5,36,34,73,31,9,50,15,23,9,35,74,17,59,49,40,11,68,54,13,68,44,30,91,86,53
76,69,18,42,20,68,84,92,43,9,90,78,92,62,45,6,25,60,22,3,17,28,61,37,95,16,49,27,3,58,35,22,11,58,47,33,60,75,60,84,39,67,9,87,22,6,24,93,7,72,35,25,7,26,11,64,77,73,63,94,25,96,9,56,80,47,91,98,16,15,84,63,86,45,26,13,77,39,98,47,37,72,95,71,47,45,43,41,26,34,9,42,38,79,0,85,57,23,19,49
44,30,94,35,45,59,10,80,19,12,39,57,95,3,57,49,59,41,50,90,74,41,73,89,81,80,67,84,16,45,16,69,82,51,97,9,5,9,89,1,58,57,5,94,71,78,62,14,15,34,93,19,32,92,46,37,24,75,58,86,39,74,59,86,25,15,61,80,80,91,76,95,36,81,14,54,31,18,17,8,4,63,93,63,24,51,38,12,47,34,1,60,90,63,26,35,3,25,68,19
20,44,87,38,98,19,74,40,71,39,23,39,70,4,94,54,68,64,41,2,0,2,26,51,2,64,39,50,13,6,66,12,18,40,93,28,82,82,68,78,41,16,58,36,77,17,18,64,11,8,85,75,24,36,6,7,48,66,37,66,21,21,22,65,3,89,41,92,75,25,41,59,22,75,0,43,57,37,21,16,31,86,74,43,60,31,63,37,80,30,58,1,18,20,57,76,44,82,83,41
58,92,23,26,83,83,26,66,53,23,96,22,46,92,6,61,60,57,84,79,62,70,21,3,38,58,56,73,71,24,69,69,21,95,96,13,87,38,95,14,10,1,23,48,75,58,80,7,58,52,28,96,24,0,33,97,64,11,30,60,21,40,8,91,48,80,72,89,17,25,2,5,42,87,47,40,59,7,68,20,8,52,55,72,9,89,31,16,46,55,6,46,56,38,59,94,52,66,57,47
10,61,26,26,69,62,28,52,22,91,21,42,3,91,33,63,85,21,39,86,50,74,25,3,22,43,37,42,18,60,16,90,81,22,45,9,47,30,21,22,80,64,27,23,95,80,55,63,46,68,15,76,43,19,37,78,8,70,56,56,40,13,37,40,42,73,68,24,86,94,97,27,12,96,95,85,89,27,75,62,78,11,92,90,74,17,2,23,6,10,67,0,12,79,26,12,69,99,77,62
80,95,97,80,61,58,50,31,35,92,51,51,84,95,67,87,34,70,60,77,51,0,18,70,99,79,84,52,50,18,92,49,95,93,22,41,3,66,94,7,47,97,20,69,94,39,95,13,59,1,37,0,79,39,0,48,5,71,46,28,0,27,21,48,36,32,23,8,74,61,24,93,63,99,61,68,86,37,57,92,45,2,49,7,84,29,39,4,98,94,83,0,59,42,10,53,52,31,54,66
27,58,64,70,0,20,27,34,36,33,10,76,64,22,44,36,97,50,58,1,14,54,63,12,76,85,9,55,96,37,11,2,1,93,70,34,92,6,94,0,86,12,17,8,2,13,85,86,79,10,1,99,64,95,21,91,70,70,0,87,43,49,30,46,60,75,97,66,27,52,80,37,6,5,86,21,34,55,75,94,32,44,50,9,66,27,3,9,41,55,61,18,0,62,3,69,28,83,4,12
8,12,7,16,99,20,54,67,43,38,34,71,78,2,2,50,49,4,57,12,1,43,54,13,86,99,39,56,97,62,7,52,0,77,27,9,99,39,85,69,39,51,45,39,33,97,74,25,62,46,87,75,40,83,99,0,42,72,39,4,17,91,92,59,81,46,73,93,60,93,4,15,9,30,1,13,64,61,99,37,95,48,17,86,44,56,58,3,51,54,93,59,93,50,32,60,29,4,1,14
85,60,67,35,67,71,96,94,48,31,63,86,66,97,38,44,27,90,1,39,87,81,33,19,78,24,48,24,66,58,88,1,24,86,20,75,53,58,84,85,48,55,57,87,35,71,63,57,78,86,28,73,25,56,89,84,91,7,79,35,96,86,72,13,13,25,46,21,87,58,95,6,33,53,57,69,90,18,44,17,86,61,67,85,23,57,97,71,3,4,81,57,68,7,16,78,37,95,14,67
5,34,92,11,42,67,16,69,67,7,86,98,34,73,54,96,7,59,33,87,72,91,5,74,98,84,41,59,77,66,22,92,42,33,38,37,10,88,57,74,89,79,18,15,63,70,3,61,25,25,71,48,3,40,78,84,26,48,71,59,0,33,67,88,79,42,99,75,1,94,51,24,84,53,48,57,0,21,0,22,26,69,26,22,77,59,0,66,94,25,92,48,96,37,11,97,59,70,39,97
31,43,5,59,71,54,16,84,84,68,52,29,6,34,49,80,72,67,88,70,96,35,20,77,23,87,82,30,4,96,11,43,4,48,46,49,74,81,35,41,39,20,57,59,14,62,24,83,14,11,34,37,27,59,9,26,27,33,85,39,15,63,86,72,47,25,79,31,33,24,12,19,35,89,21,55,99,78,4,60,6,35,57,95,18,71,69,65,4,56,13,6,21,41,71,6,93,13,3,26
81,51,14,57,50,19,5,0,73,57,52,97,45,9,42,86,13,2,35,28,59,19,55,76,79,20,9,91,15,83,29,40,50,31,41,83,44,31,7,42,54,0,83,91,1,73,87,80,57,2,57,98,34,37,26,70,51,10,83,75,12,16,72,35,50,75,28,58,81,36,95,95,16,81,56,52,59,14,55,73,33,96,19,58,35,5,63,87,9,85,1,25,27,49,6,46,99,69,79,54
85,69,30,91,49,70,56,88,1,27,4,93,1,45,14,38,39,29,35,92,7,83,63,11,53,76,76,91,36,16,82,23,90,1,34,83,92,27,96,65,0,79,32,86,75,98,63,71,8,75,88,72,64,69,62,46,83,27,7,86,25,86,14,37,86,58,60,30,71,40,15,53,9,42,9,79,65,96,59,99,24,4,92,85,58,66,20,83,33,32,20,20,31,98,35,46,95,31,56,59
55,19,33,10,58,84,75,70,28,13,13,24,22,37,28,88,38,5,34,34,75,14,49,25,50,96,19,31,75,4,89,82,62,29,25,36,31,49,28,44,20,39,3,49,33,35,98,97,62,96,21,65,43,58,42,95,34,61,33,36,54,37,1,53,42,64,47,83,4,31,4,18,98,79,95,15,38,61,48,76,19,12,99,19,7,11,95,35,60,52,30,0,96,76,24,35,22,50,46,65
84,90,11,43,95,28,61,53,40,58,43,50,72,73,40,58,19,33,97,78,21,24,13,11,23,37,94,24,69,45,88,52,7,49,40,59,29,84,86,92,39,75,12,53,69,26,1,71,61,5,97,78,28,90,54,42,69,81,13,36,35,11,57,43,58,54,60,82,96,40,24,23,39,53,74,58,39,87,37,1,2,46,46,25,95,76,23,51,10,67,1,17,88,16,39,56,43,36,36,26
38,83,96,52,70,45,15,88,71,83,84,46,65,76,56,77,97,95,80,62,50,5,60,34,59,66,54,49,53,45,50,87,6,69,13,71,16,49,58,61,37,75,69,75,54,50,58,5,69,32,46,68,8,24,30,25,99,35,77,19,79,5,55,20,21,56,94,64,34,56,9,93,5,17,92,39,83,58,74,46,89,55,76,44,87,57,42,53,23,82,28,38,53,67,26,98,97,64,60,0
46,55,84,92,28,97,44,92,17,50,16,97,10,77,51,19,5,78,73,25,78,70,39,98,71,46,36,16,58,5,87,6,76,39,15,59,78,28,27,40,79,3,21,32,50,29,11,32,42,85,49,92,47,92,3,4,19,11,4,76,62,72,80,1,82,67,69,27,23,7,24,92,8,63,45,55,39,15,34,34,77,32,39,91,34,42,48,33,98,56,77,65,85,6,10,16,30,56,31,50
