1,33,38,46,61,20,23,56,91,94,52,31,67,90,79,19,70,70,33,13,69,17,75,50,57,13,10,19,65,87,27,20,6,59,9,19,54,88,33,78,51,80,1,17,74,58,1,97,81,42,48,76,45,71,3,9,4,41,93,94,88,83,99,85,36,89,86,5,63,91,8,48,23,86,78,90,78,4,89,75,34,38,33,36,55,81,18,32,55,91,85,48,48,7,93,35,86,4,95,86
70,51,31,54,97,78,26,39,6,72,18,50,79,1,26,62,44,11,90,65,88,57,94,25,50,12,0,68,87,62,59,24,46,99,65,24,33,53,89,95,25,60,47,56,53,40,42,19,42,38,91,16,24,59,21,38,67,98,34,7,29,23,12,95,48,23,71,41,78,90,28,44,35,44,26,2,29,42,57,17,27,80,85,44,61,31,21,98,74,64,13,85,94,54,97,25,70,96,89,85
9,97,38,40,59,79,29,45,0,60,34,47,36,83,74,36,36,18,80,89,56,49,71,38,57,93,9,28,21,50,37,98,19,30,14,51,20,70,77,15,95,3,95,23,86,32,62,59,74,76,50,6,85,86,51,35,31,98,95,88,70,99,16,76,87,8,39,64,2,54,68,72,57,97,15,42,69,47,17,80,75,95,76,31,97,21,79,72,16,45,26,54,2,89,13,78,12,37,58,3
74,80,91,12,21,71,79,12,39,27,58,61,93,11,3,29,71,75,57,86,96,79,9,60,50,70,23,34,73,7,20,21,62,67,86,37,17,93,65,74,0,60,21,62,98,31,52,18,93,86,28,21,59,92,29,78,22,68,16,33,39,88,88,37,62,48,90,78,90,26,83,7,57,80,23,64,54,93,95,7,73,55,91,37,34,4,79,40,70,10,94,77,27,7,16,45,35,66,92,66
13,31,55,47,4,14,81,40,57,55,29,30,92,88,84,27,70,42,52,9,39,71,47,27,1,41,94,62,20,39,79,18,98,46,54,73,13,1,63,14,93,64,73,91,74,86,31,80,47,60,72,32,91,13,93,98,96,39,0,45,55,71,69,48,81,30,92,40,99,4,66,46,87,72,37,87,91,30,6,0,64,12,56,90,10,59,8,96,96,9,63,67,1,42,40,97,27,25,2,85
70,53,92,72,51,53,27,10,6,51,90,42,3,54,28,54,66,0,89,12,82,70,97,56,56,62,96,18,95,3,23,46,65,62,32,10,74,42,42,45,1,55,5,88,64,13,8,39,86,32,14,15,27,80,39,98,9,88,69,3,79,41,42,50,92,99,56,68,8,10,37,65,62,80,22,12,92,25,46,57,68,89,76,49,67,44,46,40,87,29,23,82,69,49,73,79,84,6,64,59
29,0,45,90,96,63,72,7,43,81,60,79,37,39,69,60,74,15,22,4,13,96,26,59,18,35,24,55,83,61,69,53,50,66,72,10,57,5,22,69,31,25,1,25,96,85,90,96,1,25,48,70,45,20,80,77,43,98,33,63,29,12,45,43,21,42,78,90,85,55,28,54,60,55,56,19,0,39,18,27,85,62,19,52,38,48,6,81,13,30,7,14,81,97,87,9,42,91,8,34
91,19,47,65,42,95,16,3,34,88,71,97,5,90,62,4,67,33,78,82,22,44,46,70,16,89,93,73,95,80,10,26,47,36,33,50,33,31,99,82,97,68,31,88,81,51,49,6,92,96,85,91,97,37,19,29,41,91,44,9,14,6,74,90,90,15,10,22,73,56,18,86,98,75,41,81,35,0,15,51,33,74,83,19,14,63,25,32,36,94,50,32,67,3,70,30,3,79,72,70
96,68,92,8,97,18,65,50,76,81,1,80,0,21,80,43,15,90,76,9,9,50,24,51,97,89,3,68,90,22,64,96,78,83,71,80,1,73,23,11,77,98,7,13,20,38,26,73,15,72,93,76,73,22,40,75,25,47,76,25,22,28,54,36,34,51,82,92,30,28,85,92,64,43,62,65,90,85,69,0,97,84,66,80,19,52,86,84,16,28,46,59,62,91,86,97,33,30,2,76
84,56,66,55,71,44,75,61,56,47,66,79,85,44,87,68,12,82,44,68,40,73,67,10,51,83,14,53,9,63,22,2,49,66,93,91,83,57,7,18,21,69,96,42,57,9,16,51,67,57,91,71,83,25,73,41,9,93,35,60,7,79,82,50,75,5,50,39,49,35,31,91,72,96,1,8,37,49,66,12,98,19,58,8,23,45,80,95,19,92,4,15,45,0,29,27,62,34,83,19
20,88,20,15,1,3,1,79,77,37,31,35,47,49,51,50,28,50,12,72,70,83,75,35,92,34,64,89,20,22,47,37,35,40,61,45,68,81,70,92,95,43,19,87,98,6,19,95,17,97,51,65,39,3,60,55,6,13,87,56,77,60,0,54,8,70,48,79,56,41,94,46,48,36,18,86,66,79,80,15,73,38,22,17,7,28,5,89,80,60,41,71,36,24,86,66,0,3,67,54
70,64,71,59,74,97,17,45,67,8,99,48,43,40,4,56,63,46,69,53,61,22,22,7,75,79,48,91,30,19,75,15,95,77,1,28,13,64,17,80,80,25,93,44,79,0,97,56,38,89,62,38,33,33,79,11,72,32,44,79,41,82,1,67,91,65,50,12,39,74,56,23,64,56,29,24,49,21,20,93,97,5,8,27,63,1,45,60,42,14,7,89,74,93,77,56,20,1,67,16
27,6,75,75,39,55,12,72,36,62,57,59,25,40,37,60,66,39,7,58,99,42,72,84,95,13,59,28,82,52,77,44,7,10,6,5,67,44,52,10,0,56,17,75,41,0,46,78,70,62,79,58,50,80,1,34,50,60,39,13,21,66,67,13,86,76,13,15,48,48,2,50,81,42,73,1,16,75,65,28,69,85,17,42,26,83,25,16,62,28,26,25,11,74,70,1,28,44,56,12
88,11,69,81,3,67,27,51,96,89,22,94,38,48,81,30,16,23,78,84,68,64,70,69,2,92,68,35,2,96,74,9,49,69,79,67,34,93,77,82,72,94,22,8,89,86,49,45,95,69,66,4,61,74,32,23,81,6,76,40,64,42,19,6,58,94,50,71,74,8,39,17,71,23,86,13,54,86,58,61,14,7,33,78,66,67,87,71,97,42,79,39,7,16,73,73,0,57,59,2
82,58,62,60,89,53,61,24,43,24,96,68,45,91,87,15,91,56,21,66,7,63,28,53,43,99,0,8,29,15,23,33,35,6,94,29,77,58,0,18,48,1,37,69,95,78,13,45,82,23,19,58,40,84,45,8,95,58,42,25,97,54,34,20,62,6,19,18,42,10,71,58,10,98,95,5,20,48,50,55,18,72,39,1,15,93,95,39,66,96,29,17,76,45,39,52,98,57,74,17
70,62,15,92,41,79,23,11,4,13,89,75,39,33,52,74,85,36,81,78,6,50,83,22,4,0,33,39,98,69,96,30,5,4,57,59,53,77,4,12,38,93,85,38,75,17,66,82,37,2,97,39,45,42,70,33,72,80,89,37,90,89,68,20,40,4,53,70,90,20,78,94,60,10,74,72,95,98,96,78,24,70,13,72,99,52,94,5,92,54,25,28,13,93,61,37,2,74,5,50
97,38,10,39,18,42,58,13,96,15,89,73,74,93,55,97,47,34,37,23,59,34,6,0,27,81,59,67,97,7,22,83,66,94,99,20,30,55,34,54,54,87,27,67,12,97,95,24,36,62,55,64,54,77,40,82,68,2,81,5,52,13,62,60,71,47,26,39,7,97,26,22,62,69,86,48,4,11,82,60,89,92,81,41,77,59,18,99,61,21,73,79,5,80,90,32,1,5,12,45
48,80,26,37,48,91,7,74,0,9,96,8,70,32,17,9,32,51,45,27,42,77,64,25,0,67,64,39,31,3,78,4,1,42,11,92,2,48,38,71,5,99,67,41,96,59,11,30,49,7,69,45,4,2,14,70,53,98,63,72,9,41,47,76,28,56,67,76,3,38,62,76,29,20,53,74,7,34,45,99,41,2,32,88,78,24,60,18,45,64,41,89,4,47,72,26,47,91,79,36
12,20,10,66,97,66,46,2,82,59,26,74,48,64,2,30,95,49,47,94,54,81,2,14,47,77,76,62,11,51,87,27,50,46,60,38,35,46,25,53,43,87,20,2,2,6,2,18,92,88,24,0,4,87,22,9,13,78,84,26,39,18,99,53,38,59,77,80,82,30,39,58,65,94,31,20,92,96,62,42,45,37,53,93,52,94,37,54,64,17,6,82,4,28,50,17,72,94,5,91
16,68,76,15,87,39,57,45,4,87,69,7,3,18,59,55,29,68,15,35,12,1,98,69,61,35,53,22,87,9,0,75,6,13,42,73,65,62,58,57,71,36,88,95,70,63,57,75,50,26,99,24,55,95,68,39,22,74,71,8,80,94,32,99,3,27,55,44,7,95,17,98,71,18,66,59,26,40,15,46,71,12,57,35,43,2,5,0,7,43,25,17,10,86,20,85,3,2,91,38
7,1,26,19,85,36,39,6,13,45,34,37,11,2,28,16,35,78,47,6,6,10,25,26,3,99,23,31,83,36,43,60,61,18,13,94,22,43,40,78,42,88,82,84,69,25,58,34,33,63,72,47,15,30,30,28,18,96,8,10,99,39,90,1,95,79,96,38,79,52,52,19,62,93,93,42,66,83,59,79,69,33,94,35,86,30,95,88,31,35,16,71,43,39,36,1,85,40,51,76
29,77,68,26,0,71,65,77,4,86,96,70,91,47,81,71,54,29,23,43,13,98,39,78,12,14,65,45,6,81,29,39,80,31,44,57,26,42,47,92,19,20,8,28,10,18,8,30,11,91,6,52,97,49,55,42,62,41,27,65,11,86,58,26,48,69,6,10,49,52,97,64,43,37,51,58,31,74,46,3,57,97,34,89,20,6,84,11,5,76,6,3,36,94,32,12,98,31,47,98
96,52,17,92,16,88,15,20,11,48,5,29,45,10,68,33,61,61,71,63,91,51,57,65,23,68,79,4,30,13,74,1,1,71,53,61,32,45,88,27,62,79,87,19,36,94,13,48,98,31,58,42,87,54,51,52,17,24,54,94,98,67,26,47,85,82,24,13,51,10,30,76,24,11,80,54,88,5,2,82,71,8,52,41,28,43,61,18,78,5,55,25,45,73,96,42,68,22,60,58
99,64,51,28,67,30,98,51,27,30,62,98,68,45,4,17,52,4,51,52,72,36,23,53,34,77,81,47,40,60,43,33,19,38,60,42,71,17,53,97,91,66,11,73,11,93,86,23,22,51,90,63,86,20,29,49,52,86,59,76,30,37,59,37,28,86,84,37,53,27,28,15,70,13,11,20,37,88,68,85,66,44,78,62,90,8,3,18,1,25,14,22,93,27,72,6,23,67,79,18
8,5,41,11,46,71,22,53,89,57,18,48,72,69,50,74,56,15,69,44,2,27,64,97,54,88,89,7,89,74,60,1,81,81,69,31,82,1,14,34,14,43,79,26,71,59,59,77,40,21,70,89,88,44,86,87,84,77,69,60,48,94,78,4,19,90,79,32,47,8,16,80,61,78,77,90,57,77,25,64,14,91,92,28,23,87,26,67,66,1,1,80,4,52,34,15,58,62,2,6
60,57,50,31,30,45,79,22,53,40,33,24,84,53,0,74,87,6,4,5,80,26,87,13,38,86,20,65,40,75,43,63,18,7,11,45,3,85,28,67,37,66,24,36,48,87,28,64,4,38,59,5,99,43,52,35,85,89,25,39,15,51,73,34,74,31,11,80,48,24,3,84,97,67,44,80,1,82,85,43,85,51,51,9,7,66,30,46,10,21,93,4,86,69,0,63,38,38,16,64
17,57,58,7,69,98,97,0,23,84,10,28,12,29,54,51,24,53,83,52,74,41,6,7,14,5,17,16,94,9,54,24,38,68,72,80,0,17,34,60,26,14,72,18,23,29,62,62,88,1,44,74,51,29,64,65,51,93,52,92,41,63,25,24,42,25,31,10,62,74,1,42,89,94,60,18,25,71,6,84,54,24,63,46,52,29,40,84,61,66,21,68,93,21,44,80,72,52,24,44
77,7,1,99,27,76,69,24,55,20,17,28,98,66,78,90,14,14,87,98,38,72,8,46,2,50,18,78,60,41,77,30,13,19,84,96,42,54,49,88,90,79,54,32,41,30,45,72,92,29,95,88,29,67,83,19,1,45,56,11,41,81,64,60,34,37,84,53,63,88,95,10,29,54,92,2,64,12,63,61,99,61,75,62,47,69,32,95,3,33,34,19,61,99,10,65,91,25,44,32
54,42,77,34,75,87,13,22,9,53,18,37,51,88,89,48,96,11,51,45,78,86,46,3,94,86,56,59,96,66,86,48,5,54,56,90,16,70,49,70,19,71,76,81,48,59,45,71,78,2,5,40,55,52,53,62,52,35,55,43,41,54,46,57,43,78,56,4,60,35,96,95,11,74,82,63,75,9,38,45,42,95,12,8,16,58,81,39,59,82,98,65,51,61,33,47,26,60,88,35
84,45,24,9,87,60,41,25,92,25,21,72,24,76,27,68,30,50,19,0,84,34,23,62,81,92,44,79,49,17,79,16,63,55,68,37,28,81,88,20,81,67,20,17,15,31,21,39,0,48,95,72,15,0,36,54,97,39,66,30,52,11,31,12,2,54,60,59,25,23,50,37,31,85,75,35,8,87,50,3,92,50,2,78,23,6,1,86,51,48,30,41,84,40,8,0,14,2,43,98
54,56,14,67,41,5,44,95,99,20,63,29,99,41,35,87,46,13,59,33,51,25,72,46,1,39,63,75,36,68,55,30,8,33,57,4,23,84,69,84,47,7,10,58,76,61,34,50,42,16,4,0,91,67,75,8,86,21,59,56,19,66,31,85,42,29,64,63,42,99,13,76,33,69,25,35,0,76,28,88,66,0,94,25,15,19,0,18,55,21,39,86,32,74,69,1,48,70,14,75
49,40,37,73,44,58,88,88,82,86,65,89,79,90,75,45,55,21,0,25,45,19,22,24,86,33,64,82,80,79,81,42,20,10,30,19,73,89,98,14,36,53,94,9,8,49,76,88,15,28,9,54,88,43,38,62,34,91,43,33,33,30,6,79,20,82,64,49,99,29,61,34,58,1,68,65,69,34,38,88,24,71,62,75,28,0,15,15,55,74,20,88,37,12,45,75,58,26,68,68
21,38,6,67,25,6,70,47,92,79,16,39,9,10,20,89,38,71,22,67,10,69,87,63,26,11,4,56,74,47,71,35,16,12,18,7,5,33,85,42,88,49,18,20,76,97,8,65,63,64,0,76,92,69,11,85,78,29,59,40,62,20,12,34,2,10,59,80,71,11,85,61,69,53,45,40,82,67,91,9,74,15,79,2,17,17,3,17,55,11,77,0,41,95,92,52,90,55,74,91
90,15,29,48,46,43,1,64,47,37,74,27,9,7,64,96,27,47,84,97,29,23,93,61,80,35,69,19,16,13,36,35,69,27,72,99,69,64,99,19,92,93,83,92,2,95,47,75,88,12,11,33,22,91,94,96,81,19,43,58,45,20,78,13,90,3,49,54,45,37,1,60,40,26,11,94,97,4,71,53,71,46,37,7,46,36,11,60,20,18,55,7,80,29,68,0,45,35,81,50
43,89,91,98,44,96,47,90,88,2,39,41,17,22,28,61,35,19,4,80,83,68,24,76,16,81,44,22,79,15,59,53,7,41,99,36,49,67,94,21,96,90,95,65,80,17,7,73,50,40,6,32,63,85,72,77,59,90,58,25,33,67,25,80,89,4,72,31,40,33,64,74,44,27,82,70,79,38,38,95,23,5,45,28,81,68,18,98,3,30,89,6,53,27,64,73,57,41,40,75
46,12,95,95,30,64,17,28,46,11,27,7,87,23,28,12,57,27,98,72,37,75,65,85,51,62,89,60,97,82,25,33,5,3,56,64,60,45,91,65,98,41,84,1,31,86,16,26,59,81,43,60,34,48,79,77,60,96,70,25,72,54,68,69,13,66,69,86,75,24,79,63,29,96,5,74,15,59,14,74,0,17,75,5,57,80,32,23,17,90,33,43,59,54,18,61,9,73,38,2
88,28,60,97,5,94,41,6,64,76,18,23,87,91,85,2,44,33,76,15,90,96,40,15,39,72,35,68,48,73,97,91,65,8,91,16,9,36,92,61,41,32,92,80,92,62,68,47,72,44,25,96,29,60,13,79,15,49,73,33,10,84,4,12,58,52,75,67,68,41,13,64,85,58,1,68,86,68,7,67,43,8,28,64,1,84,94,92,39,49,54,11,6,29,38,70,63,4,45,8
53,1,31,3,24,47,62,47,29,75,30,71,37,88,34,87,0,66,47,70,27,64,23,59,72,71,14,73,2,20,33,14,67,86,71,70,54,75,52,93,89,35,51,57,55,63,23,67,54,22,42,60,59,92,95,59,94,28,68,3,21,60,65,96,62,67,47,23,28,0,58,94,44,32,90,75,50,86,85,70,82,1,82,36,29,78,27,97,93,70,95,81,48,37,69,37,3,91,27,8
70,85,20,97,77,64,33,4,23,78,67,22,46,98,84,6,16,86,25,69,71,73,2,16,88,17,15,74,30,82,72,79,70,94,42,14,90,77,5,1,73,30,96,20,40,2,35,44,38,9,77,80,81,17,12,49,25,28,72,14,39,28,26,56,82,68,14,80,39,88,8,29,6,58,39,57,32,66,94,98,76,79,38,98,30,57,48,45,15,85,36,74,64,92,61,9,81,5,90,53
73,76,29,22,99,11,49,18,9,13,57,34,63,41,26,29,79,28,63,10,84,0,68,84,32,64,96,96,92,61,16,76,8,48,4,10,84,33,37,29,90,63,65,79,86,63,1,47,51,77,22,73,64,94,50,13,46,7,89,89,5,95,39,87,13,3,89,78,18,22,57,48,63,1,79,29,44,37,20,11,60,10,6,6,55,90,70,18,62,39,90,35,28,88,13,67,91,59,24,39
50,65,86,13,89,69,33,94,44,64,61,24,1,67,84,86,63,30,79,27,9,26,51,66,35,34,1,80,50,90,30,40,11,72,53,67,90,37,71,33,60,63,91,2,43,29,7,68,30,28,81,46,15,55,50,56,23,83,88,26,68,11,66,61,94,72,1,28,27,61,36,3,13,1,41,31,13,42,55,47,73,0,35,80,60,78,95,76,46,36,14,68,83,18,50,27,72,65,36,79
60,14,74,21,0,89,1,19,8,70,97,51,70,34,12,21,8,23,12,53,78,86,90,39,3,38,8,64,7,22,59,66,43,5,96,80,7,13,9,5,65,30,21,88,24,32,83,76,78,90,63,96,40,8,74,17,79,72,50,96,74,43,83,49,37,3,55,17,15,16,92,56,84,56,46,7,98,87,3,97,7,53,28,20,62,78,63,83,53,13,37,74,86,64,3,23,36,42,39,66
60,0,5,9,79,93,30,84,38,0,59,55,41,85,91,8,65,82,76,89,3,63,99,59,96,49,88,57,95,50,14,64,41,89,60,31,76,43,78,82,50,57,8,74,24,44,87,40,96,64,91,74,30,90,77,85,59,23,83,9,10,70,90,10,1,80,45,9,75,49,79,10,85,12,74,30,14,48,50,73,26,57,12,96,67,23,1,23,20,68,21,28,94,58,17,73,93,0,56,33
82,75,44,12,90,7,38,8,50,98,40,46,34,52,85,74,14,1,72,63,64,78,90,50,84,23,75,40,16,24,27,58,48,62,59,24,53,59,81,73,95,19,93,11,39,64,8,19,72,39,18,17,68,71,37,0,95,74,62,15,78,13,67,68,43,17,85,11,83,49,24,73,5,68,21,97,81,26,82,10,82,80,46,68,55,95,98,94,60,23,43,11,50,75,3,5,9,52,25,83
69,22,84,43,68,9,96,41,52,95,9,56,14,51,84,59,53,65,14,91,29,99,86,88,23,77,72,46,34,95,31,90,94,89,43,89,52,86,37,56,82,71,0,23,74,2,30,16,81,87,65,78,88,37,36,1,20,67,75,55,8,96,73,79,97,47,53,84,55,77,10,25,81,36,80,21,18,97,98,37,66,81,30,59,59,28,42,21,49,85,3,29,78,55,57,41,17,57,44,22
63,94,3,94,45,65,20,93,36,42,13,76,80,96,80,48,36,30,14,20,22,97,48,85,21,48,43,74,68,81,36,70,97,1,83,84,66,94,24,1,60,10,71,25,83,52,2,59,14,89,29,26,26,32,27,16,96,5,4,79,64,20,37,16,33,54,98,14,51,28,55,19,51,52,96,76,7,48,62,11,12,39,2,12,29,92,99,94,62,73,42,12,51,26,91,5,30,54,31,3
60,84,98,43,53,23,30,65,26,87,88,32,34,99,0,30,40,91,76,42,76,50,27,17,61,61,98,3,91,12,34,18,53,96,1,71,81,24,71,7,76,35,82,67,12,59,87,88,84,81,71,37,60,27,71,62,15,64,42,16,29,65,75,65,61,68,99,64,95,55,87,51,96,45,64,2,16,94,39,39,13,44,30,1,10,58,76,47,29,83,5,71,17,1,92,10,77,12,70,56
64,38,41,53,63,33,93,50,71,4,32,92,18,59,80,24,76,94,76,63,49,79,44,39,14,82,92,39,1,35,37,59,32,18,22,72,13,47,26,76,20,65,90,28,7,9,31,15,85,87,39,69,77,93,18,35,17,1,55,75,96,8,40,29,72,39,88,31,31,50,43,43,8,5,93,34,49,93,61,15,12,65,56,8,35,17,68,42,10,57,1,36,65,91,48,43,28,83,28,95
46,12,19,5,83,52,5,62,35,49,67,53,55,78,9,3,26,21,47,0,48,4,1,82,56,40,86,44,10,29,50,70,17,58,73,69,7,72,34,16,15,90,15,91,75,93,23,27,80,52,43,58,34,98,71,58,93,42,36,48,97,33,68,56,22,34,72,13,44,58,16,20,30,83,78,68,11,99,14,1,57,62,22,50,75,64,35,34,69,2,27,58,66,12,9,5,34,67,20,66
82,99,11,80,24,92,86,26,22,58,1,59,79,55,28,70,66,50,39,64,25,67,26,25,9,91,49,23,37,43,56,64,40,34,33,90,58,48,63,81,81,7,29,63,91,10,17,64,5,32,41,22,1,16,92,54,48,91,9,19,83,96,5,52,87,55,25,87,22,45,29,89,23,94,29,63,3,95,11,40,49,2,72,28,31,24,81,89,31,9,0,62,35,15,59,61,94,2,9,68
49,61,25,43,25,1,13,2,2,13,55,67,11,55,20,35,47,79,9,22,24,9,0,55,88,60,92,60,45,20,78,77,54,50,46,71,26,54,68,9,94,67,52,98,94,2,82,76,55,8,34,24,49,4,83,16,33,15,63,92,20,0,90,83,42,78,47,16,1,98,69,53,77,85,14,99,49,59,54,94,43,83,69,12,54,88,66,26,4,45,17,90,64,80,16,18,24,44,14,90
46,60,83,49,46,0,62,83,24,1,37,15,50,18,56,52,91,15,42,33,11,81,91,9,0,28,94,46,83,47,3,55,88,98,16,79,40,72,4,31,36,9,48,62,97,10,66,17,28,23,67,62,90,14,84,92,77,67,90,61,58,55,50,13,74,74,4,28,43,93,80,45,32,45,36,57,3,70,63,15,86,75,36,75,75,92,20,34,65,2,76,5,94,12,66,40,98,52,24,70
85,49,91,82,38,41,90,87,64,43,47,56,38,26,20,67,40,74,33,94,79,78,19,87,29,11,2,71,58,86,0,74,8,88,58,92,64,2,66,28,13,98,53,37,12,90,60,29,20,91,91,31,86,36,33,56,47,53,26,89,5,8,77,97,96,0,92,83,85,5,45,70,5,88,30,32,86,97,74,9,19,66,31,1,78,87,11,47,90,76,75,11,70,57,35,34,21,82,15,90
89,40,46,14,88,83,82,55,49,70,1,73,11,43,32,21,69,21,65,13,0,55,95,26,27,3,76,51,20,47,41,19,72,83,16,37,30,19,39,84,83,74,2,18,30,78,83,64,11,73,17,28,83,41,72,49,23,19,22,15,15,41,24,38,30,10,54,71,33,33,34,89,15,76,93,54,21,86,2,62,89,26,42,3,73,11,66,50,71,46,72,14,61,11,35,63,52,79,15,19
47,75,37,37,29,95,67,49,58,6,53,79,4,76,8,44,91,82,73,14,18,59,7,77,26,70,25,58,25,54,69,39,77,23,94,21,62,81,95,74,95,67,85,29,68,90,80,30,21,46,86,45,48,84,37,20,70,30,5,40,89,13,75,77,11,44,47,66,57,42,85,40,32,41,24,10,75,79,34,42,25,53,23,97,28,94,27,21,9,3,80,70,35,41,30,54,3,56,61,60
23,95,13,36,41,29,12,34,91,57,37,11,67,64,92,96,28,67,66,49,64,92,5,18,15,24,37,55,88,2,91,65,78,76,2,46,18,22,23,47,44,72,71,77,24,45,4,82,13,63,72,72,18,17,59,59,82,60,90,27,58,74,18,77,83,71,12,60,73,73,71,5,22,66,62,34,86,33,26,88,28,87,15,11,96,30,74,50,72,98,70,94,66,31,11,76,37,10,44,16
54,70,37,70,55,23,14,26,56,78,40,80,45,7,51,47,51,61,72,42,11,75,94,34,53,58,17,15,98,0,73,97,81,71,25,43,41,14,43,79,93,7,36,40,85,63,37,43,56,68,45,65,77,8,46,75,57,20,16,21,12,24,85,20,84,26,24,61,0,61,42,8,37,70,44,4,83,34,20,17,48,7,69,65,56,56,63,47,59,44,95,41,24,61,4,62,79,76,84,11
29,44,43,40,22,72,80,2,74,29,91,95,32,30,61,41,34,31,53,80,73,34,11,22,1,30,4,47,1,4,50,26,21,29,84,8,72,97,13,97,57,83,43,35,3,72,89,28,75,26,70,21,5,3,25,61,93,91,36,83,53,47,71,28,26,46,1,86,8,79,64,76,88,35,49,58,63,65,1,65,40,25,15,17,97,27,46,29,65,88,57,7,64,58,17,37,83,83,47,20
45,30,71,47,33,3,32,89,33,78,29,72,96,16,97,58,12,92,39,47,53,55,18,17,76,7,85,58,10,9,24,48,93,60,16,11,56,1,97,41,54,23,6,97,62,34,16,85,31,82,18,5,23,51,3,42,91,53,29,66,11,23,77,11,36,67,21,49,1,68,22,18,56,6,16,30,96,22,1,83,32,79,51,14,76,92,91,49,21,48,46,76,51,34,37,0,58,94,90,35
63,81,48,36,76,5,62,13,61,32,57,77,46,92,58,49,42,3,3,73,32,51,31,6,81,67,58,94,74,54,20,85,51,15,23,10,23,5,60,59,68,64,18,37,33,10,62,67,31,95,80,82,58,15,81,16,21,86,36,41,72,54,49,16,55,42,32,59,48,73,5,76,74,64,42,48,97,94,2,92,48,5,37,95,81,35,12,36,74,65,40,54,23,31,64,17,64,80,7,56
78,56,16,58,39,67,62,94,7,86,35,21,11,11,65,12,51,68,5,19,98,25,85,8,7,36,96,20,95,59,83,12,44,81,48,53,45,37,53,30,32,29,42,88,71,70,65,32,4,15,51,26,45,7,57,7,79,27,20,42,87,17,77,65,97,58,85,62,29,83,44,90,14,85,4,69,45,54,87,95,68,44,88,8,7,85,13,7,5,78,75,16,3,49,41,68,65,26,0,72
51,50,30,33,46,27,10,62,67,20,96,36,92,58,83,39,96,9,5,87,59,3,84,76,55,30,20,0,79,99,89,28,96,58,40,32,60,0,52,21,75,38,14,58,79,92,53,69,65,35,17,73,37,54,6,85,78,97,12,23,66,18,50,33,7,48,54,29,29,99,46,88,5,33,85,93,99,32,8,96,51,26,92,4,88,55,82,34,92,33,80,54,21,74,5,4,17,26,54,51
62,82,4,52,49,64,89,53,2,16,64,57,20,98,67,69,45,52,82,1,32,69,53,44,32,66,25,86,76,55,19,9,48,81,84,42,80,45,96,30,24,74,36,86,93,2,98,83,84,70,23,11,23,17,27,15,20,59,80,83,90,30,26,51,82,71,67,62,23,36,58,87,87,72,53,83,98,64,17,6,59,22,74,42,24,6,51,30,65,35,40,58,74,6,12,22,10,30,50,99
36,20,0,75,68,23,35,47,86,95,38,33,87,15,8,81,44,81,47,57,3,97,36,72,37,42,19,79,35,86,62,69,1,41,16,3,40,93,59,79,41,64,59,80,43,67,7,71,83,20,30,66,59,56,43,76,9,12,10,48,33,5,98,13,60,8,88,38,87,11,42,88,16,40,92,97,15,55,70,83,8,35,83,36,34,82,68,44,94,38,17,15,18,93,86,14,88,70,11,21
86,42,51,97,46,79,88,25,54,21,58,54,40,68,38,69,88,2,56,3,32,69,20,20,20,89,28,57,54,56,4,61,99,53,57,97,41,49,33,88,68,96,57,32,88,53,86,42,47,26,70,18,47,26,34,4,85,71,61,32,82,37,53,9,54,61,6,21,21,57,70,69,60,47,79,99,75,20,11,23,77,96,90,86,22,74,35,74,38,1,93,6,52,49,94,78,99,27,39,22
59,27,80,81,12,38,89,39,66,58,77,65,28,50,49,99,77,99,40,59,41,58,99,92,45,9,71,30,23,70,85,95,83,12,94,38,45,73,16,41,74,98,17,44,9,86,80,13,84,93,35,43,75,22,42,15,7,53,6,69,0,21,74,21,60,33,95,93,97,97,78,33,15,68,45,71,6,79,97,50,52,73,90,34,50,60,72,75,72,43,80,14,59,4,92,20,11,9,18,44
85,95,93,65,40,76,66,55,68,29,42,38,76,96,80,39,91,35,20,53,94,47,70,27,31,72,56,67,42,75,32,63,68,61,87,24,3,18,32,16,45,39,84,88,85,97,73,33,62,11,11,82,22,4,85,15,5,17,92,91,93,83,73,26,94,97,48,72,90,32,92,12,50,72,90,79,80,52,46,57,16,7,23,95,96,94,83,88,16,1,59,60,95,62,9,16,40,55,84,13
74,61,44,52,92,88,83,39,25,96,7,16,87,90,65,5,8,52,91,50,22,15,19,81,78,8,28,58,25,22,72,50,11,53,3,40,34,49,0,25,95,26,58,13,34,66,88,80,85,10,19,46,45,15,62,15,32,20,16,22,42,92,21,69,34,15,53,61,77,50,56,69,34,75,64,94,79,40,61,21,61,39,4,21,79,56,65,22,11,37,74,84,72,31,14,7,56,38,87,16
6,28,96,17,70,93,44,10,56,37,24,29,1,55,34,58,44,8,69,26,73,26,22,4,55,79,25,8,69,45,45,58,44,66,44,68,33,35,39,58,75,68,97,44,52,90,13,48,96,35,95,61,32,98,72,18,92,85,67,32,16,35,10,43,28,46,13,89,39,58,60,22,54,95,4,15,5,15,19,70,34,5,98,97,26,26,6,13,80,80,7,79,54,5,98,60,25,18,47,39
52,93,87,10,67,10,29,63,73,59,30,24,48,84,46,38,78,67,26,78,44,30,42,96,4,47,4,76,72,90,37,92,27,23,82,7,72,59,42,2,76,21,1,63,36,83,39,48,41,67,82,85,72,72,19,84,77,79,32,97,60,64,38,8,1,9,49,87,42,87,18,17,16,85,19,99,97,24,12,99,27,25,29,65,56,42,37,13,41,84,81,43,96,67,71,20,73,28,30,0
18,93,19,94,59,23,48,16,16,79,45,79,4,26,73,89,64,11,73,9,64,51,12,36,83,97,76,23,90,45,75,62,12,46,41,89,75,39,46,39,28,1,17,49,89,19,29,12,65,41,64,26,53,88,49,32,73,2,70,32,92,77,87,82,97,54,65,5,43,61,29,66,19,69,22,97,64,57,63,4,17,99,91,78,80,95,50,66,11,19,53,73,7,46,99,82,33,73,87,9
50,77,86,64,13,85,61,70,69,61,6,45,2,24,2,23,26,3,83,91,18,49,13,37,13,27,36,45,19,2,50,80,68,63,13,30,22,58,32,27,24,27,63,54,44,27,57,94,74,32,4,21,11,22,95,68,65,71,5,31,84,9,20,10,70,32,89,45,46,42,66,0,48,84,63,79,36,44,99,16,5,76,92,5,87,1,98,94,11,28,13,69,38,52,37,40,20,66,88,43
30,30,19,52,35,87,8,48,11,99,98,17,72,57,91,50,66,86,81,97,69,0,33,6,63,63,87,55,18,24,33,33,15,13,89,88,18,48,37,13,44,87,35,77,33,45,5,46,36,93,98,54,15,68,90,49,32,63,54,61,50,90,73,52,10,82,86,73,55,88,79,19,51,85,31,11,90,47,29,27,59,43,45,45,65,6,21,49,70,37,12,39,81,37,52,22,44,77,37,36
45,20,33,99,57,89,0,2,97,26,19,87,37,91,92,88,51,50,63,8,60,52,11,28,33,70,17,42,48,62,76,64,40,18,60,35,42,50,32,69,53,99,40,97,52,6,19,63,86,58,94,86,38,36,93,5,35,83,99,57,18,23,36,70,44,93,81,2,25,45,7,48,95,35,48,7,33,75,1,59,7,78,17,13,69,91,24,61,37,72,47,56,7,10,39,61,17,47,82,60
8,27,37,16,15,51,79,30,3,32,58,60,85,88,40,15,84,61,29,9,25,98,7,76,47,72,85,32,0,38,63,25,73,49,70,0,16,66,73,18,53,37,17,12,10,64,2,39,66,45,20,69,46,33,31,32,37,83,96,98,12,83,77,1,10,60,22,14,10,51,63,59,99,49,87,10,69,23,85,73,93,18,42,80,84,56,85,2,42,1,48,56,95,19,24,78,95,29,93,64
3,20,93,84,43,50,27,95,52,29,51,12,51,68,2,28,98,99,44,60,68,71,65,94,53,5,12,1,11,53,59,67,37,76,68,47,41,87,94,51,78,97,1,37,95,88,17,79,69,2,29,49,41,10,43,22,81,87,14,67,56,35,76,57,8,85,81,61,36,61,46,83,70,76,41,78,23,2,25,76,50,25,72,42,0,34,71,34,96,18,60,2,83,67,35,42,85,80,14,69
71,21,38,54,60,31,97,49,78,42,82,37,99,85,78,91,64,30,79,16,23,8,36,77,99,59,14,21,72,88,67,53,12,37,37,45,40,47,85,36,46,21,36,32,23,22,60,48,51,16,19,50,52,71,93,31,20,95,97,44,22,19,19,56,88,69,6,55,83,71,64,52,92,63,55,75,63,80,94,79,51,65,15,96,53,62,68,0,34,93,55,36,17,96,91,83,93,89,28,84
14,12,54,24,66,68,28,0,59,84,63,71,3,86,0,29,23,17,79,37,86,93,38,64,84,33,65,42,90,19,44,25,47,3,40,71,95,39,93,55,36,18,60,36,26,33,75,16,64,12,20,96,76,97,32,46,21,63,13,91,9,7,92,97,47,13,71,8,73,53,71,27,87,56,23,95,59,55,69,52,17,31,65,49,64,83,1,63,25,67,42,68,11,17,85,23,72,19,16,47
92,80,42,30,12,98,74,17,46,78,7,19,17,67,91,17,18,60,24,25,96,97,68,37,38,32,51,69,33,39,26,85,96,6,99,22,5,12,10,24,40,24,38,26,91,16,16,99,8,82,29,57,40,57,79,32,60,17,37,80,60,23,73,38,16,11,48,24,62,77,10,70,15,97,95,49,58,28,1,79,62,11,1,38,50,45,6,43,12,0,96,56,69,60,15,32,63,48,32,16
89,57,11,19,89,73,23,64,25,62,85,30,21,62,4,49,7,80,33,69,4,24,82,55,94,38,41,89,68,1,58,62,98,62,6,58,93,39,21,6,26,67,61,11,61,50,75,80,99,98,10,64,45,52,83,45,63,11,62,43,49,57,22,33,66,23,40,45,92,48,87,2,41,67,92,21,4,51,10,79,60,81,75,9,58,83,56,90,47,41,55,85,86,28,34,42,59,63,28,58
86,67,36,7,13,6,85,74,64,65,6,84,92,62,39,97,71,11,85,82,56,54,31,39,74,97,43,83,37,42,52,23,6,36,83,77,25,1,81,82,81,80,48,58,96,0,88,38,47,12,25,15,21,25,95,16,51,51,69,48,18,13,28,32,55,41,3,13,54,56,19,45,39,35,53,38,58,42,69,38,52,28,89,62,38,89,17,3,45,58,86,14,75,37,67,83,53,32,25,90
52,83,36,57,99,14,47,78,71,31,83,84,30,13,2,35,51,99,1,15,44,25,47,43,89,46,79,21,13,73,5,6,76,27,35,48,1,85,25,5,54,57,25,11,68,62,84,29,63,82,89,60,77,81,28,7,26,67,99,73,81,2,93,4,32,88,66,57,64,71,32,74,86,44,40,46,38,52,8,44,38,1,29,34,37,36,50,50,81,49,53,40,11,99,18,65,26,36,62,83
48,95,92,4,59,7,52,40,73,4,21,45,53,45,73,57,87,26,25,1,85,93,38,36,79,81,68,8,83,13,75,79,77,15,17,92,48,67,94,39,30,13,63,10,3,47,49,49,71,61,50,81,44,65,96,30,73,89,51,83,38,12,76,79,46,50,26,71,73,14,0,21,51,98,88,78,68,29,29,61,75,98,38,28,28,14,84,78,14,68,4,40,78,7,62,86,4,56,51,5
84,72,46,7,29,71,33,10,88,12,36,11,46,58,41,89,53,7,13,82,17,94,55,62,64,71,10,82,95,58,78,75,89,17,74,38,39,61,1,57,37,0,42,35,59,46,55,68,51,53,37,17,38,57,17,51,48,5,4,81,77,67,70,69,21,69,89,10,91,10,17,2,36,11,96,98,53,99,18,63,95,90,33,3,36,50,70,14,56,84,40,30,82,12,99,6,70,34,4,50
68,45,93,21,93,12,89,0,33,56,42,70,49,57,33,99,35,54,64,21,78,65,0,11,92,92,89,8,72,93,68,31,63,68,86,70,98,59,22,33,38,62,23,35,47,57,64,7,43,83,7,65,38,99,31,95,16,55,93,74,3,66,47,19,11,16,83,36,33,31,60,81,64,13,83,47,42,28,10,81,97,95,47,28,42,69,32,70,84,0,49,86,9,20,96,91,56,88,82,35
68,32,36,30,38,31,24,95,64,1,56,2,29,10,70,83,31,82,26,86,50,11,88,28,55,46,98,48,40,75,34,42,48,54,9,47,20,81,42,68,69,60,33,81,1,83,89,53,47,19,43,42,97,41,9,9,50,1,89,90,13,36,40,98,84,88,59,4,85,21,43,73,45,38,41,9,20,98,32,81,43,63,19,38,90,6,63,45,31,90,34,12,11,70,57,68,66,73,59,83
65,91,99,40,18,82,75,23,72,92,26,25,4,53,62,6,74,72,22,31,38,83,58,44,20,17,7,34,88,50,35,87,37,15,9,53,10,42,14,59,8,73,97,13,43,47,6,83,38,25,47,37,74,15,88,27,4,75,32,20,11,35,11,60,27,75,43,7,38,60,30,12,40,29,19,63,1,71,15,17,15,3,75,8,41,93,23,61,75,10,42,84,96,11,26,94,30,63,42,95
57,97,51,30,2,26,85,86,39,14,73,83,94,93,90,48,58,34,5,27,8,38,38,61,3,5,87,75,10,44,50,22,26,9,1,22,2,4,79,0,98,74,76,71,41,65,52,19,10,17,65,70,14,86,85,63,56,23,48,9,63,51,82,80,40,54,95,39,80,85,95,59,38,3,98,0,45,16,5,67,65,79,73,95,80,94,21,89,77,25,9,29,23,55,4,65,42,41,97,50
15,62,52,50,10,24,37,47,45,40,28,70,21,34,14,61,48,96,18,18,55,80,54,82,39,42,60,88,49,17,31,60,45,90,63,95,89,6,30,4,80,17,18,9,88,54,45,25,14,26,70,40,85,50,37,57,49,5,63,72,48,2,92,40,80,32,93,9,82,4,69,65,76,46,32,67,28,3,53,83,11,93,63,53,75,33,76,71,60,8,18,88,14,63,99,36,33,63,86,98
52,67,68,47,23,24,47,23,58,31,41,14,15,0,52,77,86,53,59,39,9,64,45,64,61,63,27,97,82,72,14,25,92,34,34,15,85,44,31,35,97,39,21,7,64,81,63,9,88,2,52,64,33,96,17,83,5,40,19,80,75,21,38,82,84,40,77,25,16,94,55,26,28,92,53,60,61,94,73,30,44,90,63,69,8,24,23,63,11,65,52,80,19,0,31,1,81,57,6,62
49,98,64,63,29,48,63,5,58,62,74,31,74,90,13,53,89,44,17,20,59,98,70,9,96,84,37,39,72,93,1,56,20,11,96,89,62,34,18,57,31,86,43,64,3,41,70,19,96,98,72,11,74,91,22,16,31,14,21,62,19,33,15,42,30,70,69,90,47,22,15,7,18,2,25,74,36,33,54,34,6,10,41,57,18,28,44,0,12,77,51,24,44,38,52,17,93,27,47,44
37,60,77,8,13,48,66,70,39,80,44,87,65,29,66,34,29,95,1,19,35,18,62,90,69,6,10,60,96,20,74,88,0,96,21,13,23,17,23,56,80,20,98,26,9,80,36,9,1,59,90,49,9,0,35,59,30,12,48,34,24,6,43,2,35,98,91,89,98,19,92,96,18,38,70,45,21,43,86,75,95,19,48,41,47,97,26,93,40,10,31,69,59,95,40,79,2,62,69,54
39,16,12,35,1,21,39,63,13,63,90,76,67,72,51,20,39,63,30,22,98,6,56,63,36,15,0,76,15,56,75,56,42,54,43,44,48,98,9,17,57,96,93,17,92,37,29,2,59,5,13,38,25,43,48,66,97,48,72,72,25,47,36,9,92,56,50,42,87,94,34,10,44,23,95,0,72,59,30,98,92,92,11,17,88,55,86,65,18,91,63,78,46,9,58,40,35,85,32,2
42,78,15,7,41,25,39,17,17,32,16,88,15,24,4,6,48,84,75,23,32,99,36,36,12,75,82,32,8,39,47,88,18,91,43,6,99,48,9,94,16,99,59,47,69,13,96,27,30,24,74,3,72,87,1,51,82,36,3,1,11,94,41,12,14,92,64,90,35,0,73,36,81,87,69,63,18,61,8,49,65,60,81,38,0,76,12,0,94,53,10,74,21,76,66,72,23,43,29,31
83,60,68,6,12,26,81,37,9,5,0,20,90,64,82,0,57,57,18,30,60,38,55,70,36,34,95,49,88,89,65,57,11,99,56,48,57,43,61,42,37,62,21,11,73,15,38,83,51,51,23,29,95,47,27,42,6,26,3,56,11,9,89,43,9,47,36,10,80,33,11,48,88,67,76,53,51,7,62,1,61,52,15,71,3,11,6,54,46,13,54,50,93,37,47,85,28,32,71,44
42,38,2,99,34,83,61,81,37,84,91,49,81,28,32,35,94,34,37,30,54,43,59,79,88,21,70,16,45,55,98,71,63,61,46,14,74,39,65,65,2,63,68,86,69,58,6,96,66,46,26,1,29,98,0,14,86,25,41,85,6,55,27,50,45,20,37,9,85,2,34,79,6,64,18,27,67,94,55,60,13,83,15,45,99,7,76,1,46,46,88,81,47,31,50,98,7,35,81,49
87,59,26,55,57,96,39,33,40,19,41,61,44,41,43,39,87,75,39,17,95,32,62,65,86,95,50,58,21,47,24,76,26,89,29,99,33,74,73,86,39,96,12,4,26,97,30,0,44,53,45,93,5,22,24,0,47,4,72,86,7,16,84,12,69,90,92,69,39,5,63,87,9,27,54,60,31,60,9,19,88,12,94,22,93,92,35,77,99,33,77,46,4,39,85,95,98,41,48,25
3,63,53,72,52,78,33,81,11,14,83,83,32,88,32,92,16,48,19,96,78,49,9,56,43,87,92,71,31,52,9,76,55,40,24,55,85,36,19,54,23,2,13,74,58,33,59,64,16,56,85,23,43,87,4,20,11,0,4,82,88,66,15,48,48,52,58,2,51,88,63,42,24,22,9,96,88,72,8,57,9,43,51,60,0,84,8,71,23,30,75,7,49,7,96,74,68,99,45,6
19,45,72,61,48,70,94,67,63,76,34,83,98,37,70,58,64,1,92,52,10,14,63,78,27,72,12,96,76,36,1,15,56,98,70,41,76,61,94,7,91,4,94,14,61,15,88,83,93,16,95,4,63,55,53,49,65,72,77,42,73,18,36,98,86,12,22,67,53,38,85,74,19,83,15,5,28,52,17,58,48,75,86,78,9,70,23,9,84,13,1,64,77,86,16,93,27,89,73,53
96,35,28,52,43,73,89,1,59,22,50,20,98,75,91,77,8,31,61,60,90,93,77,72,46,50,52,53,79,95,42,16,28,80,80,21,4,95,46,88,84,81,80,13,99,72,81,41,16,61,90,43,59,65,60,62,39,94,55,60,45,68,95,79,67,55,94,38,21,71,24,74,54,19,67,11,70,0,53,28,43,12,9,78,77,27,51,38,1,96,82,12,18,50,2,26,59,8,77,91
