14,52,9,91,60,30,18,56,93,1,55,19,42,18,33,11,83,27,61,32,41,67,98,68,19,28,49,63,70,80,32,55,57,5,41,4,60,10,82,49,66,27,62,98,93,85,25,95,55,72,85,13,65,41,72,38,97,0,26,20,45,32,61,30,79,86,67,48,57,86,13,93,38,52,69,12,39,56,3,80,28,47,64,97,40,68,8,0,31,72,90,74,11,86,23,70,48,15,63,33
53,4,37,79,64,3,82,25,92,71,25,45,10,54,78,25,21,65,7,78,86,39,66,79,59,36,91,26,23,64,73,60,71,7,32,21,26,40,55,77,93,6,48,67,50,85,85,75,21,99,34,27,95,41,15,38,31,25,15,28,33,51,24,5,45,61,67,46,98,62,80,17,0,67,65,28,9,81,85,47,43,65,34,14,22,12,94,96,15,85,96,88,56,90,54,46,61,6,38,18
89,51,83,54,5,14,35,41,35,36,65,51,67,72,25,96,10,66,56,78,16,18,3,63,69,71,12,63,53,82,34,83,57,1,87,10,89,55,37,34,93,67,93,80,45,2,90,73,72,35,16,52,52,60,26,73,19,59,96,99,17,61,49,77,62,49,23,63,73,44,27,46,67,59,51,38,80,20,99,26,92,13,72,95,13,61,4,4,86,61,81,2,51,75,68,77,4,94,31,42
34,74,96,40,19,64,71,96,34,52,2,98,94,67,3,33,67,27,41,87,95,57,83,92,5,70,56,19,42,49,47,66,15,23,4,78,36,20,98,27,3,69,50,2,84,77,30,42,17,79,98,75,60,89,35,59,33,97,70,45,52,96,66,59,21,34,56,17,78,56,48,28,20,42,92,84,86,62,30,33,99,45,97,19,17,84,14,28,81,90,60,8,19,63,22,40,77,12,83,22
13,85,94,74,27,56,6,40,86,23,96,48,39,34,3,70,94,71,96,66,71,39,44,70,0,42,53,43,2,63,29,72,9,47,82,2,51,78,61,17,49,61,63,55,38,31,88,66,19,22,39,23,54,98,35,59,83,38,24,10,70,94,14,13,0,43,39,30,33,22,88,0,4,33,12,76,43,28,92,41,59,85,27,56,80,11,52,70,37,49,80,28,50,91,63,24,98,3,44,98
10,45,93,72,34,7,61,40,93,62,21,21,81,35,50,15,94,41,62,48,33,80,97,99,31,7,26,68,96,50,53,74,93,44,32,7,23,92,21,30,66,56,67,96,83,10,69,72,87,86,31,66,19,51,76,87,47,61,66,43,33,57,22,6,20,63,39,54,61,94,86,27,55,33,44,53,2,26,1,56,34,24,94,28,60,88,2,28,24,93,64,54,80,72,55,38,96,68,11,2
96,25,38,22,61,53,20,38,15,27,28,66,74,10,60,4,12,77,35,84,80,9,8,95,69,49,5,27,56,91,16,88,64,25,42,55,2,59,1,88,65,87,23,71,58,20,36,45,73,24,42,73,71,67,9,29,93,21,40,27,9,54,63,6,88,68,51,73,0,5,6,50,61,26,57,3,32,25,19,98,49,31,71,80,85,95,37,1,99,49,47,40,99,25,87,27,30,19,62,20
67,90,10,67,76,12,66,4,97,38,19,40,48,21,51,23,60,30,15,69,17,0,58,10,90,42,39,90,49,67,14,72,78,45,19,89,70,3,97,23,2,26,32,17,71,20,31,53,7,1,30,46,33,45,31,46,77,61,22,55,29,88,55,49,86,60,95,33,13,21,84,71,11,72,46,48,46,17,62,48,47,91,36,31,0,66,52,7,67,31,98,92,80,86,80,23,91,4,35,37
9,87,80,36,29,66,86,75,11,58,61,96,8,60,50,75,9,42,90,94,98,28,8,69,9,71,69,21,25,83,93,19,50,43,6,51,28,48,72,45,23,23,8,83,40,23,83,22,85,61,90,23,18,93,65,74,51,56,15,29,75,30,14,18,26,18,12,95,43,90,60,36,10,37,97,53,60,46,84,74,56,95,79,63,53,25,71,49,88,73,58,52,68,23,56,68,37,92,54,74
0,6,76,88,94,20,32,95,30,63,64,53,44,64,12,70,86,87,44,67,35,89,3,56,41,13,74,96,64,64,32,91,33,24,48,25,53,38,27,73,61,43,56,42,64,5,62,53,13,30,76,88,43,15,1,90,16,74,63,56,67,14,98,1,62,21,75,28,8,98,96,62,56,67,25,37,77,68,36,91,47,72,37,86,86,43,68,66,62,85,54,65,74,25,35,46,7,68,80,98
8,49,88,50,3,76,25,77,77,50,21,51,61,15,62,2,66,79,44,63,46,22,93,22,23,10,99,93,36,34,12,84,50,59,10,75,33,74,55,92,61,20,86,44,29,47,61,10,73,87,80,83,9,2,90,48,7,91,83,17,67,62,63,50,72,22,30,73,80,60,45,39,22,28,48,94,40,50,80,19,5,83,96,24,73,64,36,33,26,48,86,24,76,21,9,77,88,80,53,86
72,1,85,43,6,59,32,28,65,70,54,46,92,18,3,38,3,72,3,6,49,0,74,23,56,28,92,88,10,26,69,12,43,72,10,23,54,80,57,45,4,74,38,61,74,99,86,21,78,57,55,12,31,7,79,97,36,40,37,40,3,96,54,78,51,1,68,2,28,13,6,21,10,97,41,57,7,77,43,95,79,66,68,51,89,99,34,6,76,37,58,29,56,97,16,12,8,44,31,95
77,55,78,48,69,34,89,87,94,14,27,57,50,24,37,18,80,58,65,64,52,4,86,16,43,3,16,44,58,28,4,11,9,62,54,48,41,39,40,64,85,1,18,78,90,16,16,74,34,75,91,0,43,63,4,99,65,63,93,41,33,72,98,9,14,32,58,13,16,36,49,84,45,6,64,23,5,72,38,76,65,57,79,70,67,57,35,35,14,43,14,46,61,15,41,14,58,79,65,91
54,63,99,83,26,6,58,63,54,51,43,70,57,75,78,67,10,63,46,20,94,49,81,44,59,97,3,28,92,88,4,97,22,72,49,82,57,20,34,52,54,14,84,91,24,55,34,25,44,51,50,61,45,31,43,88,33,95,18,90,58,17,45,83,20,93,79,69,44,14,93,46,61,96,55,52,44,43,60,64,97,19,14,9,22,26,99,74,39,11,98,44,18,8,84,33,73,58,91,16
41,57,48,12,90,26,21,10,95,84,13,47,67,34,4,90,70,8,92,38,20,49,99,8,86,61,62,9,57,8,36,49,61,68,3,41,25,26,69,52,13,19,7,94,85,71,54,55,12,7,46,48,4,10,22,64,53,40,89,60,16,78,33,48,34,16,11,28,19,10,66,63,74,90,40,8,30,54,60,18,62,14,47,95,90,17,25,46,53,41,88,23,65,35,61,23,57,64,90,85
56,69,53,76,49,57,39,41,45,93,93,33,98,5,97,98,86,62,64,81,28,9,71,4,51,5,75,64,80,88,27,0,35,82,26,72,53,63,95,84,23,53,97,11,2,99,29,51,32,97,36,67,14,24,35,90,69,50,70,2,41,43,72,46,33,0,1,3,56,2,87,86,45,56,27,7,84,15,58,67,89,31,95,79,34,10,27,22,65,49,53,48,55,14,67,80,52,53,53,17
51,4,11,54,24,16,47,99,79,20,52,12,40,47,90,48,69,56,43,71,30,54,2,83,79,54,79,61,62,65,87,40,1,89,12,27,18,22,31,57,92,47,22,80,20,56,10,40,15,3,93,10,74,54,7,13,19,42,49,3,89,25,56,99,49,88,78,90,97,88,74,43,89,37,81,43,95,81,69,31,83,58,9,35,80,22,76,88,56,64,24,80,93,76,57,46,62,33,63,96
4,35,7,15,56,79,49,51,56,81,51,77,18,8,27,50,42,32,73,90,81,44,73,26,35,17,18,89,12,16,88,58,44,64,73,23,64,45,12,58,71,27,5,93,69,46,31,43,14,98,60,25,51,92,55,23,17,90,19,18,2,97,2,25,53,42,0,62,74,61,6,76,60,98,65,63,77,97,46,93,88,87,9,97,52,91,34,92,86,71,84,86,23,6,85,16,58,50,67,27
28,47,66,45,57,41,32,95,52,96,89,69,62,79,67,55,74,8,37,78,96,29,6,69,46,82,52,15,61,92,30,74,24,23,55,3,45,25,39,59,29,92,75,87,92,46,39,33,47,64,4,64,2,95,68,36,6,62,59,18,63,83,68,67,74,86,4,81,75,85,80,2,83,34,57,57,29,25,51,41,5,1,94,10,85,10,63,65,91,71,41,7,76,66,53,2,86,15,10,37
30,4,17,0,20,29,6,97,51,7,30,4,78,81,57,43,72,5,49,25,71,85,17,60,24,8,56,95,17,13,43,1,4,58,44,6,37,0,56,13,49,88,17,49,31,28,13,42,54,30,90,74,81,64,63,60,38,52,80,26,42,61,29,36,27,71,32,30,40,89,21,95,45,38,24,32,46,88,62,57,84,15,59,6,14,51,42,60,77,99,58,94,49,58,66,42,73,68,28,48
46,72,46,92,82,66,79,11,11,28,13,65,28,8,36,16,64,42,48,62,90,82,50,17,37,90,58,38,30,99,5,63,72,54,96,44,82,60,82,22,97,41,23,87,0,77,90,92,30,29,48,79,86,53,55,75,24,20,56,22,18,53,48,93,28,35,7,13,72,98,31,9,49,32,58,21,1,15,4,73,91,1,87,67,32,53,37,15,96,93,71,18,63,14,73,88,32,47,40,43
44,26,80,7,79,32,8,32,73,82,19,97,97,16,44,94,47,47,85,57,42,32,78,86,94,97,62,93,69,51,30,10,84,81,24,9,78,69,73,35,37,95,95,9,21,95,94,53,65,61,36,99,33,0,69,34,63,55,45,76,45,44,60,0,14,89,18,21,85,70,84,21,96,57,6,73,65,19,42,80,73,27,16,40,79,78,35,83,85,84,97,28,43,63,12,71,8,16,76,78
18,59,6,88,57,89,52,49,96,50,90,21,15,8,66,57,90,43,78,18,87,58,28,0,74,72,3,73,45,9,6,27,22,74,57,41,21,70,89,97,71,15,21,33,35,97,93,14,74,42,1,15,15,16,27,68,61,59,12,16,23,28,18,78,2,42,65,12,75,35,38,58,34,6,27,44,63,56,1,31,71,76,52,97,14,61,34,85,26,95,34,31,68,48,47,17,47,27,83,95
45,76,71,99,85,22,86,10,24,46,3,77,83,98,21,41,99,37,40,1,43,22,87,37,59,61,73,82,1,10,26,20,76,57,32,27,59,95,90,3,20,70,42,31,88,65,22,66,64,94,54,35,67,15,57,49,97,54,21,39,40,77,67,50,95,63,63,2,47,43,23,39,4,16,37,45,5,16,58,14,98,40,50,36,4,79,31,37,73,56,10,74,51,7,55,96,71,27,18,6
7,34,11,71,71,21,84,36,33,8,14,98,47,75,78,36,99,65,64,72,85,64,41,24,14,71,50,87,74,5,7,10,41,68,78,39,89,86,76,22,4,88,92,19,20,74,96,75,64,44,96,33,85,77,81,38,19,63,42,91,95,45,84,79,12,84,6,63,19,27,92,6,86,28,42,41,24,12,6,63,98,61,69,89,60,73,48,80,79,61,33,51,71,43,10,79,96,93,46,84
92,30,91,65,68,21,38,85,73,82,4,25,28,71,32,88,56,93,93,59,58,88,24,86,99,30,51,88,40,7,63,65,32,85,78,43,92,66,4,7,34,51,5,69,69,76,36,81,25,27,78,83,69,10,84,29,44,59,55,72,72,38,66,33,0,90,84,72,8,90,51,35,79,45,99,85,42,90,94,9,86,60,98,24,64,43,25,21,52,89,50,73,89,44,23,94,96,53,28,62
56,40,99,71,84,36,15,26,59,66,40,15,31,11,57,2,88,7,3,31,17,40,4,33,41,96,37,51,90,94,49,11,17,26,38,84,5,34,46,8,53,84,73,81,75,36,71,70,15,16,18,29,35,40,61,44,82,15,1,78,56,15,23,28,94,36,86,75,39,35,20,22,54,71,15,74,11,57,80,42,23,44,25,88,47,71,88,75,5,55,4,92,49,55,37,25,54,9,76,81
39,0,10,77,89,93,11,8,19,30,25,25,46,49,65,75,4,4,73,93,96,90,29,58,14,74,18,90,59,24,42,48,63,76,88,97,82,12,2,74,66,61,33,79,39,35,10,75,90,22,11,37,15,98,8,52,88,12,41,51,26,96,42,87,30,36,70,81,68,41,65,80,68,33,91,82,11,7,60,4,16,67,36,17,0,86,11,89,96,54,31,63,58,11,97,20,22,43,64,3
40,5,26,78,42,82,36,54,66,18,39,57,50,15,77,29,54,5,71,35,63,90,62,76,33,32,86,16,82,16,96,38,99,88,96,68,66,71,65,96,80,69,47,36,55,63,39,36,63,59,98,36,46,27,77,44,7,37,2,76,21,22,47,31,88,62,42,72,83,8,35,62,52,22,91,9,9,17,97,27,89,6,54,75,85,45,65,41,32,95,81,73,33,83,93,56,86,97,49,68
31,49,84,88,75,16,22,68,28,7,76,94,68,16,34,20,11,64,43,99,29,1,7,92,20,78,58,41,70,20,21,0,57,42,95,88,59,23,92,91,68,50,7,35,91,46,8,58,52,67,59,42,37,76,93,75,87,50,46,55,1,24,76,0,51,8,13,52,27,20,87,54,63,86,7,34,33,57,80,46,38,59,92,53,3,17,27,51,3,31,61,0,8,56,95,23,10,55,12,84
38,75,0,18,76,61,17,7,0,93,39,49,62,69,1,96,90,77,67,59,9,55,0,82,8,88,74,15,52,83,84,31,26,79,55,18,71,23,3,87,90,87,17,48,11,76,3,46,98,82,59,94,85,80,55,14,8,71,94,69,39,96,22,88,90,4,46,16,83,67,24,72,29,33,20,93,67,85,63,90,22,25,12,8,99,70,49,70,24,95,40,58,15,20,5,44,27,19,34,71
30,22,40,32,63,71,94,91,42,52,77,39,23,23,56,86,33,38,71,66,6,30,7,86,86,51,46,83,29,54,17,23,79,16,72,50,11,21,45,27,47,63,58,63,73,90,97,8,91,55,7,13,82,54,50,33,45,59,50,3,79,3,93,66,7,9,22,98,90,11,21,11,22,40,6,78,4,89,9,31,87,61,11,96,42,68,87,81,38,69,70,74,42,22,74,96,97,5,31,16
98,46,72,99,35,92,13,0,43,7,80,28,81,91,40,90,37,88,7,32,90,19,77,4,8,71,65,31,56,22,17,85,94,16,42,63,97,49,42,86,25,30,61,97,37,15,1,58,29,98,45,50,4,28,71,56,43,81,90,70,94,86,71,77,41,74,90,99,47,20,52,25,89,43,75,48,41,72,66,20,68,4,85,27,49,82,39,32,56,12,95,22,59,9,99,10,12,9,36,67
43,84,81,11,22,87,9,67,58,85,65,43,34,30,45,69,70,74,61,8,22,49,36,74,89,17,2,70,22,71,28,67,50,50,12,51,85,86,34,52,75,4,75,63,92,33,65,12,91,16,42,96,47,62,25,20,12,52,80,83,65,80,84,1,77,5,25,42,64,8,84,28,64,83,80,93,38,11,62,94,41,30,71,77,84,29,27,79,27,41,93,10,18,9,72,92,40,0,78,65
19,71,83,85,1,78,40,25,37,22,47,56,83,10,16,88,52,26,17,16,94,59,91,44,81,48,66,19,51,98,38,90,87,56,83,72,67,54,77,21,37,12,50,1,65,12,11,76,26,55,15,18,14,72,77,28,31,21,21,24,50,4,76,43,89,48,77,50,36,96,35,51,44,34,28,17,9,84,67,31,15,8,52,19,57,42,48,12,81,35,57,85,7,61,68,29,0,53,95,1
30,94,59,18,65,27,67,61,26,5,12,36,44,23,95,79,57,90,29,54,87,87,7,23,97,77,58,57,59,87,59,40,18,50,48,46,13,58,9,9,10,1,52,13,79,71,0,63,85,69,46,12,7,53,99,17,3,72,34,60,23,74,49,39,9,26,41,79,40,94,18,30,96,22,45,24,89,88,81,43,97,15,51,45,82,68,14,68,53,66,26,29,22,81,61,51,51,74,53,41
6,59,15,85,71,41,70,17,83,97,41,41,75,75,8,86,10,98,18,78,31,42,60,4,33,54,85,70,6,2,30,60,27,70,77,11,13,93,10,63,2,59,98,93,26,0,25,14,37,33,73,94,44,23,31,92,63,27,1,5,66,66,78,11,60,91,15,68,50,24,5,8,42,75,97,30,51,87,97,98,59,49,16,69,24,41,26,1,6,56,46,59,95,10,11,54,81,57,26,98
89,60,35,14,35,31,56,37,57,56,23,57,73,63,40,38,28,70,6,19,34,38,49,48,82,45,37,76,31,48,73,47,79,50,95,44,83,57,98,6,67,66,1,46,18,54,91,4,52,4,59,48,60,93,46,45,65,33,40,73,46,51,39,80,61,56,99,13,88,21,41,5,18,17,44,97,37,24,81,62,97,4,91,69,15,26,73,2,78,17,88,85,16,68,12,89,81,48,2,98
80,37,33,43,86,79,45,27,3,59,34,24,83,73,8,74,49,56,57,79,47,18,56,35,98,45,10,47,95,47,79,34,74,49,29,71,88,11,27,5,39,80,76,55,21,4,88,64,19,79,42,46,80,59,66,27,50,57,67,62,77,28,52,47,76,79,84,28,82,29,71,39,49,28,66,23,24,21,80,83,30,81,42,8,7,89,47,97,72,29,16,17,78,2,64,0,34,73,30,35
36,89,24,12,82,32,31,5,72,8,69,41,25,29,31,15,20,55,39,18,91,43,40,72,70,0,22,86,97,31,39,95,52,65,31,30,71,34,29,69,28,5,8,0,85,5,92,52,43,74,99,61,58,95,92,66,36,16,73,75,76,59,97,71,83,55,76,10,13,83,57,62,57,71,81,56,24,84,76,60,11,1,68,73,20,83,59,69,98,26,10,51,49,29,67,12,65,49,27,55
72,14,98,63,63,63,41,72,51,51,18,36,55,82,26,4,84,63,94,53,91,60,79,26,58,56,62,19,45,90,78,77,61,37,75,96,53,93,51,96,82,41,93,31,99,5,24,46,15,21,2,71,97,6,37,62,51,46,90,47,67,76,37,46,86,97,48,18,83,7,54,79,42,48,0,24,57,66,22,14,2,63,23,42,61,22,16,11,57,95,28,86,23,38,70,38,36,62,93,52
93,25,2,92,79,20,73,44,30,79,82,42,92,66,59,64,40,59,0,81,6,30,20,92,18,56,12,91,37,87,47,48,97,42,14,41,19,32,15,20,26,0,65,32,38,53,58,9,66,69,79,73,64,92,95,74,2,16,79,91,64,26,96,95,42,77,20,74,63,35,60,8,19,32,56,17,46,35,12,28,1,79,43,17,49,48,27,56,63,83,30,23,26,0,69,54,76,97,82,69
72,21,27,93,48,79,50,80,18,15,94,59,53,79,97,46,12,43,52,41,50,38,65,5,37,15,72,88,74,53,73,77,40,22,45,94,83,75,99,63,64,81,56,99,7,10,97,26,77,7,44,80,46,78,17,47,60,10,72,79,95,2,44,83,13,95,68,78,68,30,29,5,61,25,29,3,80,89,49,50,11,3,36,77,81,87,64,34,31,30,28,80,15,97,17,23,75,54,48,92
97,4,44,7,67,53,68,17,74,75,23,29,7,1,71,31,79,70,67,60,86,73,52,65,21,55,29,54,68,61,77,29,38,19,10,36,89,74,95,36,48,6,75,84,82,49,55,30,64,66,56,87,41,9,39,30,73,89,73,59,51,26,23,57,9,74,0,27,27,13,75,67,0,99,16,50,79,7,48,26,66,64,79,33,53,63,51,71,26,78,90,15,55,96,53,81,37,18,15,69
47,83,31,0,38,49,82,21,75,19,94,59,92,2,99,45,99,22,26,93,70,50,25,71,84,4,42,71,27,70,46,96,32,45,77,5,27,1,77,28,38,38,4,64,98,75,56,69,38,94,52,40,27,36,70,55,18,58,21,22,14,64,19,89,6,84,92,88,17,10,38,22,0,67,71,5,14,85,97,72,10,84,6,7,84,42,4,82,33,77,18,59,91,70,36,51,62,8,92,3
62,99,61,98,95,41,90,51,19,60,17,20,11,73,8,0,34,30,66,16,12,6,32,97,77,31,53,78,6,86,99,2,86,44,78,13,80,35,42,33,44,86,20,89,96,9,3,68,30,57,15,61,92,80,91,22,93,82,6,15,38,56,44,95,40,30,6,6,98,71,3,40,21,32,46,26,28,30,62,79,58,87,37,89,56,35,42,12,56,54,19,97,95,57,11,81,5,18,93,77
34,24,16,77,1,86,9,28,87,47,92,30,49,13,4,26,40,48,87,94,54,54,16,95,3,41,74,66,52,85,71,26,44,96,54,80,87,49,38,65,28,3,93,52,78,57,58,51,74,90,7,88,80,24,61,34,60,56,25,75,15,25,17,18,9,40,81,91,15,84,10,73,26,93,59,93,59,59,3,56,88,94,17,19,1,72,94,91,29,30,33,6,99,94,23,35,97,82,35,71
67,97,41,8,13,90,26,24,80,91,37,48,85,8,93,6,97,61,99,9,87,8,56,52,12,10,24,93,13,20,47,96,86,67,98,22,96,81,69,90,96,55,35,31,95,38,22,23,44,69,88,78,87,49,87,72,79,13,63,29,32,46,18,75,42,15,26,36,64,61,32,7,24,2,35,72,92,62,59,15,97,9,44,10,86,66,44,74,52,67,39,56,6,3,58,22,28,43,68,7
89,20,87,98,44,67,80,95,8,6,75,60,60,32,56,94,30,5,23,16,54,20,43,85,82,8,96,85,60,93,47,96,81,76,93,19,31,72,77,3,40,28,88,53,3,32,59,5,70,4,60,24,47,3,44,18,42,55,72,57,12,15,70,12,59,12,70,41,97,22,78,20,19,80,79,49,51,84,39,5,73,82,24,65,4,43,38,72,99,92,62,8,5,28,7,83,98,38,31,36
51,24,36,89,83,15,88,86,67,92,86,73,24,16,25,56,58,18,72,55,7,11,6,58,99,32,84,16,31,63,51,40,61,90,11,39,93,47,65,24,85,70,11,87,71,46,17,79,63,34,28,64,49,68,57,94,20,7,96,50,26,18,16,55,58,0,54,44,23,43,81,40,34,66,70,92,83,56,58,10,72,18,13,49,96,40,37,53,0,4,74,74,33,85,59,58,20,82,90,51
37,71,95,23,7,85,1,29,96,34,99,54,60,77,55,38,11,51,60,97,11,68,15,34,43,17,29,50,4,64,54,2,6,30,68,99,89,9,62,55,0,93,9,10,78,28,38,74,21,86,15,50,67,98,18,23,15,39,38,87,42,63,14,35,71,78,57,1,96,51,13,34,45,88,41,12,31,65,73,16,22,85,77,82,17,35,74,33,14,94,55,85,7,77,24,18,10,53,65,42
87,42,44,87,95,59,85,44,86,4,50,74,47,14,55,18,2,75,11,10,34,57,37,89,74,85,58,3,91,1,11,58,90,4,12,90,23,50,59,11,73,52,28,33,91,59,5,3,50,6,70,3,87,45,34,82,44,25,76,65,7,11,85,4,84,65,59,32,1,2,51,59,3,80,56,67,79,18,30,51,50,17,24,79,11,43,95,64,32,98,59,88,1,93,81,43,68,27,9,56
84,42,37,44,5,54,40,60,52,39,81,54,28,96,29,12,99,11,63,49,0,37,84,15,4,78,28,64,21,81,2,45,97,13,47,19,3,22,13,55,71,95,19,55,95,56,26,97,63,99,89,26,66,5,27,0,8,39,61,90,97,15,40,49,57,40,52,42,33,70,74,61,40,60,29,91,91,9,68,53,69,9,86,2,4,79,89,26,53,31,79,41,48,31,90,59,30,37,77,37
5,25,6,75,71,84,30,55,16,75,88,71,97,13,99,33,93,45,71,11,34,65,99,4,77,74,54,82,5,46,94,15,51,66,0,87,93,25,56,24,18,33,50,0,57,83,88,44,58,92,44,47,76,59,51,78,45,10,16,97,0,96,40,60,65,40,36,68,85,36,18,3,61,57,31,57,6,22,96,4,84,63,45,36,80,89,96,12,38,83,98,44,77,65,70,75,46,62,38,33
82,81,99,15,92,88,61,70,60,99,32,18,46,59,2,89,40,15,26,25,20,10,35,32,90,11,90,32,79,31,11,97,79,93,15,56,11,85,23,53,40,98,84,9,31,51,93,38,67,64,62,84,59,76,27,76,84,73,69,16,77,46,54,97,62,97,1,67,96,68,96,59,49,27,44,6,60,95,89,68,6,8,0,15,81,65,69,47,52,49,13,67,59,63,29,58,52,11,79,69
58,61,23,19,77,62,21,30,83,66,51,18,67,13,12,94,38,41,20,77,55,52,65,2,5,97,21,82,89,16,52,93,10,43,59,77,96,6,29,90,20,75,20,22,44,97,37,12,0,35,31,85,19,3,54,33,1,56,23,1,64,33,28,84,50,45,66,0,88,5,34,91,58,25,18,88,14,24,97,32,10,79,9,89,4,52,28,92,1,43,76,89,25,96,81,66,11,94,99,7
59,90,78,68,98,31,79,63,68,67,43,46,1,13,55,0,22,48,50,97,73,45,35,78,49,77,78,35,42,64,75,37,32,92,44,60,8,94,38,90,68,68,45,23,55,22,66,95,56,22,28,56,98,60,25,1,25,6,34,81,86,69,68,62,97,24,38,21,52,69,77,66,15,51,21,11,48,98,34,92,75,30,43,87,76,97,85,61,59,12,18,72,10,93,49,43,92,54,44,88
96,67,61,31,90,90,69,31,59,40,7,30,99,37,10,16,34,88,55,98,71,90,13,33,12,29,48,16,97,77,75,76,65,23,37,40,48,47,6,69,23,58,65,97,45,34,99,39,0,99,28,97,27,18,7,19,91,80,49,63,23,0,84,46,78,55,5,32,69,62,16,67,80,64,37,80,91,75,34,45,51,14,45,48,61,21,32,34,69,72,52,87,14,69,80,51,74,0,0,42
31,66,0,37,89,78,37,44,73,95,17,68,61,50,54,69,62,62,74,97,34,67,19,93,34,15,0,34,89,97,64,2,41,65,68,45,71,11,48,64,77,12,39,13,27,33,40,85,88,7,36,97,82,37,73,16,43,86,84,86,34,4,51,28,56,72,96,19,15,80,87,14,18,87,8,7,78,80,39,58,22,69,82,75,79,70,32,50,42,44,86,74,66,48,1,96,81,53,10,91
24,40,62,19,41,6,84,16,38,68,42,74,30,26,38,25,41,30,68,62,8,3,31,54,40,78,36,69,76,51,34,85,45,82,47,53,91,67,41,28,47,90,99,5,14,6,70,12,38,8,63,55,91,24,90,87,41,14,34,5,69,93,30,83,48,93,55,0,89,52,71,44,86,67,59,21,68,57,24,96,29,62,48,3,49,41,5,19,99,49,48,70,28,58,58,98,86,96,80,93
28,65,97,22,1,33,5,90,9,48,20,7,7,18,13,32,45,15,34,44,74,40,37,66,76,80,90,69,2,93,35,69,78,42,11,14,81,57,67,24,15,43,67,43,50,88,63,73,21,25,80,75,36,50,28,73,35,78,98,44,67,56,13,46,54,81,51,40,66,84,55,77,73,18,66,79,94,34,83,27,90,16,85,82,7,99,79,16,81,11,81,45,59,14,9,38,66,77,23,11
34,7,50,23,94,1,40,5,95,66,9,58,61,96,67,69,14,40,86,64,88,18,92,44,75,81,42,64,64,49,51,45,37,33,30,30,26,10,98,12,55,43,38,0,28,89,88,41,34,50,84,98,42,71,46,99,29,43,81,98,7,97,61,39,99,79,23,83,44,59,4,55,67,38,31,56,27,96,87,44,36,38,70,51,18,27,35,10,31,76,12,74,3,52,22,81,32,92,68,65
60,44,67,89,56,6,86,82,44,62,36,70,7,28,16,70,19,79,40,64,88,44,48,44,18,51,0,10,6,98,48,84,83,57,40,46,47,79,55,84,92,44,53,99,52,82,40,55,54,97,55,98,48,77,1,26,72,99,85,85,48,15,82,93,70,82,52,12,49,22,33,53,60,46,91,85,90,51,40,55,19,54,21,49,75,55,17,38,2,53,77,9,29,52,77,18,17,18,53,82
71,45,48,28,94,99,77,17,31,82,79,88,94,37,79,95,29,48,97,26,51,62,95,45,14,77,12,38,13,28,27,41,16,82,75,65,31,77,74,30,10,19,40,91,9,42,43,18,4,30,67,94,51,99,73,94,99,14,4,80,11,87,74,62,93,84,60,56,90,4,29,88,32,16,10,28,38,83,37,87,16,15,94,84,98,65,49,32,8,88,4,49,85,45,96,28,89,85,27,5
29,0,86,49,99,41,86,32,19,98,21,52,96,87,43,38,62,67,16,87,96,80,12,65,35,17,34,0,90,99,64,34,28,71,27,40,68,93,14,45,72,99,28,75,65,85,52,50,60,8,24,0,6,3,92,58,95,5,68,62,15,72,4,95,50,18,9,71,29,55,9,14,15,47,70,57,16,78,49,79,64,93,46,70,66,66,53,63,2,18,87,67,13,50,42,64,91,97,44,51
2,59,82,80,57,99,48,11,18,81,24,7,69,69,60,66,17,32,0,27,19,60,59,47,48,47,36,30,66,1,24,11,90,73,53,93,81,61,58,19,94,69,94,29,68,38,51,77,45,4,29,63,8,7,29,35,93,8,25,31,83,44,66,65,55,93,42,92,35,22,72,52,60,88,60,9,5,91,58,3,64,43,26,12,2,68,30,1,43,49,73,60,51,47,71,44,77,60,88,40
81,34,22,30,96,37,49,0,46,51,13,94,48,82,2,46,90,98,44,65,32,80,41,5,80,8,96,59,77,28,51,80,25,72,95,16,5,28,56,4,25,9,56,38,55,11,70,83,27,22,40,65,60,82,16,13,60,15,89,10,23,64,91,71,79,0,29,73,1,59,79,22,95,91,50,96,12,15,39,56,50,8,21,34,31,27,26,77,33,73,61,82,84,54,7,49,57,71,84,18
26,49,79,84,96,57,25,26,77,26,55,77,46,69,8,68,41,97,13,64,40,27,8,56,74,36,59,48,66,67,55,58,0,75,28,69,12,32,65,58,61,78,75,50,80,34,77,81,46,16,2,82,31,55,59,16,58,51,98,64,42,3,71,7,77,4,8,97,39,69,87,36,59,97,61,5,6,20,38,18,79,13,30,35,35,88,46,63,29,3,71,89,46,62,67,10,59,44,82,83
92,90,0,11,64,20,75,70,90,63,58,0,83,5,65,0,86,83,59,9,59,92,20,24,49,39,8,44,45,8,14,5,70,92,92,34,81,63,21,72,5,82,46,40,72,28,79,48,53,8,32,2,79,60,72,3,61,98,88,18,56,75,91,2,49,89,9,61,24,70,99,35,16,18,96,5,29,84,72,62,67,67,0,67,67,40,23,39,15,66,60,70,16,70,49,56,70,72,9,8
35,72,63,89,33,10,25,42,30,60,85,82,15,7,74,37,41,68,19,34,50,80,24,58,31,44,74,45,38,98,89,90,56,8,5,82,28,25,12,81,79,3,79,64,37,40,62,22,78,97,16,17,91,73,22,26,68,12,66,0,45,23,75,39,89,13,30,78,77,39,97,87,88,38,9,38,65,46,69,45,81,53,10,67,96,56,71,34,7,28,20,45,38,37,57,12,79,28,80,90
26,44,29,30,41,97,6,44,0,98,8,81,83,31,98,21,23,50,29,6,65,22,13,53,65,57,84,84,73,0,54,97,38,52,82,28,90,7,79,14,78,3,7,52,46,96,78,91,88,40,25,44,63,54,95,7,11,69,59,53,80,99,19,96,63,50,61,96,20,36,94,43,70,14,81,53,83,34,86,82,77,20,79,8,75,33,58,90,69,86,14,40,28,0,37,80,45,64,68,95
96,3,92,51,40,44,63,94,3,59,17,59,41,92,86,16,85,54,5,11,68,81,31,59,6,76,74,6,39,13,6,46,89,81,4,45,31,97,81,83,39,10,93,31,70,77,84,74,53,3,12,46,20,98,93,67,98,7,52,76,87,34,41,73,51,18,38,50,19,41,55,49,65,3,81,44,25,0,75,93,21,39,23,42,75,82,91,7,82,74,90,6,59,25,5,63,41,79,80,55
31,26,24,53,89,8,51,86,11,90,22,22,83,84,45,49,17,37,78,20,32,61,53,88,96,32,71,56,92,16,50,7,71,6,38,72,41,43,83,31,95,44,2,37,63,20,62,11,4,69,92,37,12,94,13,90,77,62,80,52,2,26,62,42,15,48,0,82,79,1,68,59,77,44,38,84,43,18,8,83,77,15,26,8,70,95,12,29,14,17,69,79,30,32,20,41,80,17,66,96
31,62,74,3,67,87,36,56,55,90,53,82,1,57,87,40,54,12,62,1,89,14,99,66,65,30,6,45,44,66,83,64,43,80,94,88,69,93,47,27,72,50,89,82,43,58,66,92,39,55,29,68,2,40,49,81,91,65,30,42,76,76,44,88,77,20,76,57,48,90,69,91,8,20,53,76,81,40,16,36,92,65,54,31,17,28,30,67,98,93,44,55,70,66,96,47,65,15,32,50
1,34,75,33,30,44,48,81,96,69,71,15,61,43,61,93,83,22,82,51,82,45,98,70,25,86,2,98,62,34,91,71,64,18,87,35,64,21,28,19,84,11,6,65,2,94,23,38,2,45,40,35,81,47,50,60,78,96,7,62,68,44,6,46,21,68,42,21,29,92,70,43,4,5,35,64,50,54,5,56,77,69,98,46,27,83,26,81,12,94,45,23,31,77,39,6,29,1,61,30
49,18,83,59,33,95,4,47,12,35,38,48,9,2,19,85,77,68,43,87,89,63,64,19,96,37,35,79,74,28,59,50,6,47,79,0,21,88,94,52,90,31,18,73,56,50,88,89,53,91,6,95,2,5,57,62,55,18,15,25,43,52,7,21,33,59,65,6,66,17,31,70,45,35,93,53,79,90,93,68,35,0,37,69,33,87,73,3,21,32,41,10,82,54,34,85,15,85,59,30
14,48,21,91,14,83,50,80,91,61,57,21,11,88,96,28,53,60,93,54,12,63,8,93,35,16,81,90,62,52,30,58,47,14,78,31,75,9,99,8,45,29,42,61,37,14,40,55,67,37,73,92,36,64,49,99,66,88,48,14,8,17,21,47,27,11,54,46,77,42,38,65,67,61,91,61,99,9,66,22,45,0,89,18,96,6,45,8,12,48,45,16,88,21,64,80,74,98,73,32
55,52,35,37,73,38,2,60,44,14,10,79,9,84,34,18,41,45,90,51,25,13,26,79,65,84,69,12,32,97,83,90,70,49,51,14,74,44,18,31,91,44,44,57,30,1,42,8,27,99,24,9,20,58,2,25,71,80,59,51,74,38,59,90,73,22,4,29,31,38,67,26,11,14,2,3,48,3,99,35,49,71,81,53,5,1,64,13,27,20,14,78,35,43,30,37,61,42,0,32
29,3,21,78,16,88,62,38,25,48,14,98,32,51,28,95,64,43,70,88,27,44,12,99,50,0,89,45,15,61,86,85,41,41,20,74,25,99,34,85,68,12,29,14,38,76,89,43,92,53,12,62,37,8,13,97,35,66,28,92,31,29,38,34,71,38,68,92,97,90,53,45,46,31,8,12,20,50,31,17,99,30,48,8,93,41,37,37,39,11,89,89,7,50,34,23,29,77,5,32
24,2,37,22,27,72,56,69,5,14,77,75,38,23,69,51,11,8,60,19,45,23,17,91,30,77,39,77,35,41,93,18,83,84,45,62,36,57,48,29,14,83,68,17,28,66,34,24,86,26,61,25,63,73,88,1,56,7,12,52,91,13,66,49,26,60,40,81,74,50,17,78,24,94,0,80,81,37,13,70,83,68,50,70,50,56,83,56,74,27,4,25,29,29,64,34,83,70,33,1
72,91,76,32,84,17,55,21,95,22,16,79,27,36,98,48,76,80,63,89,56,87,96,1,90,52,70,92,35,93,32,60,56,40,42,47,40,50,38,21,52,36,45,31,65,29,71,78,90,25,51,61,1,73,53,15,59,90,42,82,64,8,71,3,4,68,72,56,58,3,32,62,26,97,73,35,69,84,84,32,36,84,79,80,32,49,83,43,57,39,95,54,20,84,42,48,59,55,24,4
6,28,32,75,10,98,23,48,31,73,51,13,15,60,69,64,47,55,36,22,98,34,84,9,21,87,10,60,88,81,35,73,21,57,65,42,8,85,50,87,39,24,88,50,72,86,49,99,58,85,40,10,54,74,66,94,14,36,43,90,25,56,11,63,14,66,93,37,14,11,24,12,41,95,3,48,23,48,26,53,9,20,86,54,57,57,41,25,24,81,74,23,32,91,38,61,21,44,68,93
69,94,85,64,89,94,66,93,14,77,28,88,19,36,87,79,58,45,92,26,83,95,42,57,76,77,19,63,95,86,88,14,31,49,88,81,97,40,27,72,1,45,61,89,61,51,55,85,29,12,67,10,51,61,22,2,53,47,36,55,33,25,2,75,69,4,1,95,12,86,59,92,17,57,34,94,43,98,84,55,93,62,87,8,98,80,23,36,17,67,75,47,41,2,90,16,81,3,5,70
50,79,84,25,56,40,99,2,8,98,9,72,86,26,57,93,21,83,49,38,22,21,90,10,69,73,69,3,7,71,13,4,66,46,39,18,38,87,67,48,95,13,77,7,85,63,11,73,49,64,55,39,42,76,87,39,75,37,15,77,98,36,69,32,80,91,63,70,89,43,89,25,93,4,14,25,50,58,9,54,86,27,6,75,95,80,3,53,94,13,20,57,34,5,21,95,89,98,99,19
96,64,80,8,76,63,79,3,2,72,38,39,53,81,65,45,87,10,23,32,60,88,55,14,57,64,85,81,21,94,83,90,33,97,74,19,44,48,95,63,4,0,47,16,52,62,99,58,1,51,54,97,85,86,10,37,52,56,35,40,73,0,49,0,59,34,12,41,3,74,67,14,9,5,89,88,68,79,88,56,31,87,74,94,17,22,27,33,4,65,21,53,7,10,75,61,49,93,69,37
86,45,72,44,8,57,33,84,29,84,9,76,36,62,9,19,37,17,20,70,47,81,46,24,27,36,17,1,18,55,15,36,79,25,48,55,92,36,5,8,54,57,41,67,62,13,7,96,74,68,74,43,34,6,68,27,13,11,38,70,66,20,79,28,66,28,93,95,28,4,51,77,27,95,48,23,50,56,11,24,7,50,82,56,86,16,13,57,30,36,18,88,45,69,76,25,90,67,30,3
63,94,47,32,35,6,4,35,25,28,33,96,1,87,49,26,6,60,35,18,35,7,87,26,32,28,28,48,80,88,28,89,63,73,26,55,72,86,50,14,29,67,16,42,38,26,97,70,74,21,39,89,32,37,88,26,41,82,67,57,72,97,71,8,41,15,15,73,50,85,48,13,1,4,41,30,55,23,5,62,23,79,80,14,34,68,23,88,27,76,24,71,46,19,28,87,60,9,5,52
46,11,48,72,16,2,36,54,89,62,81,94,22,81,98,99,59,39,97,84,14,66,13,5,15,75,74,46,87,63,50,31,15,3,85,45,5,44,33,87,38,43,33,64,85,66,30,89,2,21,16,5,84,20,43,76,42,72,21,73,7,92,67,82,25,21,90,88,42,22,46,20,88,15,40,23,70,38,45,39,15,87,79,26,56,69,11,47,36,27,5,27,20,6,98,40,59,81,24,74
53,91,77,58,37,5,26,84,21,93,88,93,94,36,78,84,74,34,72,68,43,53,72,15,50,42,7,72,2,24,36,31,2,13,14,72,46,12,92,25,55,87,92,97,23,59,97,47,48,4,79,24,95,16,11,37,29,82,92,56,85,60,6,87,55,70,49,10,41,79,52,51,35,2,86,32,97,15,51,30,97,2,67,60,62,57,93,7,56,25,88,90,60,48,42,51,87,72,47,20
6,59,84,73,84,39,23,94,43,19,22,60,90,30,47,57,0,68,14,55,42,37,20,9,18,17,15,60,48,98,87,54,60,4,74,10,26,71,54,19,80,42,53,26,75,51,36,60,66,61,60,35,70,48,36,41,36,15,98,20,41,36,13,69,30,51,70,81,11,91,99,67,38,5,69,14,2,8,35,59,64,38,98,11,80,58,5,95,53,26,62,7,21,84,18,92,85,2,63,32
71,33,29,41,42,9,71,76,94,77,86,55,92,84,61,43,28,47,19,20,48,6,20,19,84,42,89,84,23,1,16,99,43,78,29,18,31,38,89,85,51,23,99,68,18,81,76,12,14,75,10,8,92,90,21,4,20,4,68,40,7,0,99,44,9,30,1,50,64,95,59,41,25,53,52,79,12,33,15,84,20,94,65,20,29,93,46,52,57,90,34,85,49,67,76,11,93,98,25,92
64,21,5,5,93,19,39,13,66,92,87,36,56,71,0,49,57,14,34,25,82,33,84,68,35,79,65,48,71,17,23,4,56,22,62,35,1,51,81,17,83,34,91,47,25,67,65,41,22,37,25,71,35,1,10,73,70,91,75,82,13,69,11,67,6,71,9,98,96,38,23,94,12,72,5,4,32,60,72,28,50,16,32,14,64,4,0,67,31,80,47,16,17,11,89,47,82,92,45,49
11,47,27,40,23,53,37,60,24,30,30,58,70,89,50,42,8,78,78,61,50,86,47,88,15,33,66,41,76,61,72,57,24,88,65,90,62,34,23,61,43,8,96,88,36,50,22,16,55,96,40,55,59,43,26,96,62,32,50,94,53,13,72,97,4,64,33,84,99,48,96,14,15,10,58,23,36,98,58,46,38,91,29,7,16,58,8,13,39,64,42,26,55,81,24,38,76,41,78,81
96,54,97,69,87,95,7,29,6,61,89,37,0,27,79,69,31,49,5,12,57,83,28,82,66,36,78,77,71,36,24,86,78,17,18,10,21,84,11,71,65,81,78,14,10,19,37,72,4,10,46,89,76,23,13,35,15,59,39,54,75,66,57,29,90,66,74,0,25,26,1,33,48,21,86,32,63,7,31,48,84,11,18,51,40,11,6,84,46,10,21,5,96,26,12,60,14,97,13,18
41,17,53,3,86,29,96,23,51,35,51,88,2,7,52,8,96,65,85,58,70,28,65,44,99,80,54,3,47,92,88,18,93,2,81,39,40,0,62,40,77,42,32,41,67,74,4,5,70,73,77,53,77,0,76,10,73,63,9,28,57,7,79,48,85,32,14,87,48,48,98,33,95,78,55,49,82,2,50,42,86,18,35,48,9,28,34,95,91,26,59,40,98,27,75,68,89,33,30,6
35,41,4,97,69,60,73,99,6,16,99,75,69,2,62,94,38,56,48,31,42,10,63,17,70,21,43,34,9,51,35,21,48,49,27,79,83,1,87,11,43,18,48,27,37,38,22,60,57,23,72,16,70,60,33,83,39,58,47,86,4,55,41,94,39,21,24,4,72,96,56,62,27,15,24,11,32,2,16,60,91,4,38,95,88,50,56,49,82,58,58,57,89,36,32,87,85,19,19,87
8,83,59,92,84,30,63,77,50,90,67,81,62,38,35,45,52,69,99,1,77,3,59,83,17,74,20,60,52,76,68,47,6,62,42,88,47,66,77,3,22,22,19,54,28,78,72,17,50,5,39,80,16,55,56,41,16,94,60,28,39,84,41,75,7,69,63,75,11,23,60,23,27,33,89,21,33,0,36,87,55,38,48,6,40,57,86,4,53,46,12,70,19,33,79,76,40,13,65,48
58,27,41,66,76,83,83,48,49,51,84,70,31,34,12,88,94,20,85,6,34,81,24,48,42,69,82,68,90,59,41,32,55,13,77,21,9,60,46,63,16,68,16,13,28,95,2,85,11,3,77,22,92,7,20,61,70,31,98,27,70,63,23,27,43,60,87,28,7,47,4,20,20,27,37,78,93,2,0,25,21,67,76,9,77,80,58,52,75,8,56,87,52,15,4,60,23,53,79,88
96,12,92,2,77,76,92,57,26,85,18,58,31,73,33,87,12,67,4,6,43,24,82,30,45,21,4,40,7,13,64,45,6,68,82,30,92,74,33,65,1,61,35,19,85,24,47,6,12,61,3,97,94,70,39,28,6,14,64,76,59,48,18,72,86,89,16,71,47,89,85,0,66,11,78,28,43,3,65,77,42,35,44,6,94,97,3,15,37,35,22,86,62,97,72,38,11,49,50,32
45,66,50,81,19,62,76,8,71,95,97,84,84,23,86,52,92,77,17,22,14,8,88,12,61,57,97,72,38,66,77,5,63,68,44,89,79,1,61,34,65,15,82,88,76,79,28,35,30,59,47,52,95,39,95,40,38,75,44,78,20,5,90,86,6,65,10,89,92,22,22,47,84,69,31,22,13,57,15,59,29,27,23,19,63,95,2,90,73,93,57,61,62,14,97,83,42,80,68,98
