1,50,87,38,97,80,2,52,38,9,97,5,39,48,34,61,4,28,40,66,16,29,34,16,4,98,18,27,16,11,20,66,69,23,76,42,95,68,46,93,52,41,43,42,70,62,53,65,90,79,86,41,70,33,26,6,79,68,99,4,9,31,53,47,28,62,88,25,28,27,16,37,76,75,69,80,74,34,74,45,19,34,10,66,78,19,73,36,76,94,15,25,48,50,4,15,30,5,38,56
53,26,29,10,67,79,87,49,80,71,10,84,76,90,29,38,5,86,54,67,26,34,30,56,2,34,76,54,81,18,49,91,14,12,38,50,8,29,53,17,84,33,66,56,49,83,47,49,26,73,4,10,13,93,92,68,76,62,83,45,78,63,55,49,7,34,20,68,79,0,81,64,30,65,8,76,71,45,42,89,42,32,86,69,80,87,43,12,7,47,62,13,82,79,44,89,21,18,91,28
18,41,24,73,72,39,94,49,91,94,64,99,40,93,91,72,33,10,3,90,91,45,0,42,92,60,35,10,87,24,39,98,23,84,27,62,82,75,40,12,25,74,67,71,3,75,48,11,65,92,31,47,53,80,45,79,42,42,43,85,62,46,46,62,23,50,21,39,30,23,32,53,21,12,37,58,86,2,53,53,32,91,49,11,73,54,67,17,51,45,30,29,25,72,21,82,4,98,53,18
97,64,81,39,87,43,63,61,5,67,34,43,93,25,33,32,38,62,59,63,93,27,67,23,98,46,38,28,53,34,86,44,62,69,31,20,42,19,37,5,65,13,60,40,39,88,5,18,96,43,19,41,41,71,71,15,4,15,83,22,21,51,83,1,86,21,92,48,53,46,24,85,25,12,96,98,23,87,0,5,89,5,3,57,45,55,40,55,70,54,38,14,63,99,82,89,9,8,0,72
19,31,71,2,94,27,72,55,12,92,86,86,63,68,68,68,55,57,0,37,2,15,31,65,62,8,55,76,25,21,84,17,13,43,94,98,43,46,52,19,7,23,44,44,42,80,6,18,2,99,21,30,93,24,77,60,36,8,2,6,81,57,4,13,67,19,95,11,32,71,62,25,42,78,85,56,42,82,52,50,37,72,11,23,30,54,40,91,60,70,37,56,34,55,92,33,45,37,82,51
40,11,19,69,13,53,10,64,73,23,49,3,53,98,88,54,40,86,68,37,19,44,53,79,59,35,30,77,26,63,12,40,75,3,80,90,41,44,29,46,27,52,33,23,19,96,39,44,81,10,80,64,94,80,88,50,20,74,30,93,65,86,3,74,2,42,6,70,33,36,70,43,94,28,74,9,81,46,3,10,58,80,80,25,69,34,7,24,11,50,28,76,31,83,29,79,21,24,72,28
54,72,45,73,94,40,79,82,52,22,64,31,69,50,45,35,80,21,89,0,99,29,81,33,82,17,64,22,53,82,11,71,45,9,63,8,1,54,7,85,24,22,23,80,58,96,45,33,85,29,6,70,52,5,53,16,56,36,86,48,72,76,1,15,44,10,44,11,92,18,47,5,94,49,31,24,47,92,49,92,94,76,33,3,43,20,5,6,4,43,20,72,23,40,48,58,4,66,17,72
79,95,82,95,93,90,27,44,0,22,5,65,46,99,1,17,75,77,42,46,1,84,8,19,54,58,99,43,94,4,53,60,29,27,23,46,73,71,49,31,27,53,0,11,30,64,92,11,36,18,12,79,0,22,72,69,37,83,13,92,35,83,30,90,72,67,51,31,36,55,70,38,57,32,24,27,3,20,81,87,6,10,51,97,83,86,40,88,20,91,23,44,91,82,10,91,27,57,60,34
30,68,2,28,51,84,0,25,86,24,2,2,43,41,54,2,0,37,2,57,49,63,59,8,2,44,61,98,2,30,79,4,29,19,54,16,58,92,7,6,47,95,38,38,80,36,67,39,97,12,42,56,48,53,11,18,16,0,53,58,27,33,25,79,11,16,31,4,75,82,11,77,8,88,75,93,90,76,97,6,78,30,23,93,82,84,49,91,64,18,31,69,58,46,70,46,48,9,91,2
19,62,9,75,27,26,35,21,49,72,0,55,90,16,60,7,11,40,22,84,56,76,31,59,32,40,9,24,2,34,17,41,38,45,70,96,96,44,5,6,98,34,57,60,85,94,90,32,33,0,92,54,56,52,14,17,48,65,4,53,87,58,70,30,49,11,33,51,73,38,5,15,70,10,59,38,26,93,67,16,35,24,8,69,89,32,46,94,95,61,20,74,7,94,16,96,84,84,44,49
28,86,25,79,5,76,72,49,45,52,56,48,87,22,73,62,49,81,20,49,27,39,73,2,93,22,95,13,98,68,82,10,44,0,66,20,15,82,71,4,89,4,21,21,78,83,49,1,62,45,75,51,90,7,71,8,5,71,74,18,93,46,65,50,51,29,97,91,89,4,57,63,21,1,64,18,51,77,28,52,66,55,58,57,8,98,0,75,12,51,2,58,57,18,95,96,72,8,47,97
76,66,42,50,70,2,78,59,40,58,70,30,26,99,47,40,45,87,20,23,99,31,43,2,29,52,21,15,98,79,91,90,92,15,81,2,73,88,3,54,14,27,99,86,84,61,18,25,88,40,0,36,15,41,68,32,85,89,56,97,40,84,38,68,83,8,12,87,47,13,40,30,89,80,50,89,63,63,61,89,57,2,70,8,10,78,95,90,16,28,11,27,53,7,57,79,72,69,19,42
36,19,81,88,71,20,93,40,81,99,88,31,98,63,23,43,16,37,43,82,48,92,53,58,82,2,61,7,1,46,40,95,16,96,20,38,48,38,80,87,13,10,62,90,83,56,53,10,20,62,45,80,11,28,64,0,40,68,65,6,2,32,9,17,26,86,61,20,78,44,44,96,21,25,4,75,15,51,76,7,80,85,44,66,99,92,55,91,34,44,0,40,83,22,0,79,73,20,23,93
44,11,34,0,36,96,15,24,70,96,22,51,87,88,48,57,72,7,6,35,39,46,73,99,94,15,49,56,4,3,1,39,71,73,41,20,64,79,34,95,70,74,25,68,97,6,4,25,82,55,15,42,24,11,19,66,49,28,91,2,82,66,54,99,48,97,59,70,68,11,72,67,17,72,56,38,22,41,52,19,12,17,1,36,16,12,14,64,15,40,46,65,92,80,59,93,35,48,90,40
78,73,87,71,94,73,60,43,12,56,51,21,25,2,66,87,0,79,39,49,47,21,90,49,54,16,72,11,9,89,60,16,77,94,84,38,2,40,37,44,55,25,19,84,41,84,59,45,69,56,20,61,80,27,1,21,5,37,52,58,75,11,57,65,85,29,50,89,73,90,33,41,42,80,83,7,90,56,35,24,82,8,55,44,10,47,48,20,97,23,53,64,72,23,26,86,2,94,63,58
59,55,73,64,58,86,12,70,57,2,63,44,51,64,44,71,59,63,1,17,1,55,42,0,27,75,49,99,17,71,66,12,0,52,64,33,92,79,12,83,48,16,3,28,85,34,62,20,61,82,18,64,7,55,22,60,9,74,19,15,8,24,95,99,79,5,9,52,66,38,39,75,49,52,93,28,75,79,15,66,81,50,62,37,51,75,20,57,88,89,40,67,8,53,76,28,36,87,75,97
34,31,75,32,8,51,52,25,97,61,54,31,87,26,78,70,52,85,49,44,6,23,82,42,56,54,17,20,31,98,35,46,68,42,69,46,99,60,14,10,3,82,3,52,40,14,49,90,55,78,82,90,53,91,78,19,7,28,30,20,67,10,38,98,86,80,89,88,37,91,11,53,36,34,80,49,2,98,10,71,75,50,85,44,48,5,25,67,73,87,80,55,28,65,89,57,44,63,48,47
81,11,46,2,54,68,56,93,79,18,64,35,58,56,1,8,74,35,79,18,46,68,25,67,53,26,46,5,69,86,33,64,27,92,35,90,14,77,40,11,32,71,16,39,49,91,97,26,98,76,63,28,63,8,9,27,91,46,38,49,39,32,31,59,25,87,55,12,42,92,78,75,96,37,75,34,97,35,65,36,52,5,58,56,77,55,81,83,46,95,91,78,62,80,10,52,78,2,6,82
67,68,52,77,26,86,7,70,79,66,64,79,23,14,82,18,49,22,95,70,59,75,73,28,46,8,35,58,30,81,21,50,70,94,93,87,76,76,42,29,57,5,84,25,21,23,2,24,71,51,2,59,14,42,20,65,98,18,85,85,57,73,55,76,46,79,18,14,88,8,3,26,57,56,28,78,78,25,64,28,24,44,49,53,2,22,25,18,82,85,33,14,91,59,70,47,50,61,0,20
35,55,93,28,97,1,21,49,15,13,41,5,71,12,25,31,31,25,4,82,22,43,27,85,32,22,36,74,15,95,26,86,16,99,28,47,67,28,17,50,60,82,30,64,3,39,69,62,54,98,76,37,60,10,71,78,32,55,2,38,35,29,25,69,41,60,73,51,49,21,34,28,34,11,10,76,7,50,90,62,94,74,87,45,21,57,28,32,25,5,12,48,57,57,41,30,65,11,3,54
85,30,11,71,24,11,60,33,3,58,14,75,76,69,29,25,7,44,93,7,15,91,13,47,54,68,61,40,25,10,22,89,34,72,0,45,33,97,30,17,0,3,13,27,13,32,44,43,79,74,57,7,82,2,40,39,94,24,67,49,18,91,23,0,33,66,44,25,3,47,30,18,54,57,87,17,95,97,52,99,8,10,57,51,33,18,87,70,84,79,45,35,93,13,21,24,19,79,59,1
78,56,15,96,34,32,0,49,69,87,29,25,13,86,72,33,27,77,53,3,69,67,37,14,37,95,66,86,41,27,15,33,28,73,43,37,83,85,7,58,65,92,40,68,70,14,1,93,13,75,41,58,25,93,80,11,87,41,63,1,42,35,66,44,84,0,70,84,61,93,11,93,77,47,50,84,56,50,16,65,57,27,93,82,58,10,0,20,54,7,25,20,51,82,36,31,42,79,46,6
64,77,35,53,64,47,63,99,44,34,3,24,19,21,9,9,84,62,27,5,85,19,39,85,32,54,30,24,9,68,63,33,13,99,80,14,27,86,82,97,71,54,70,73,5,4,46,2,2,95,63,22,85,38,88,18,57,23,66,43,39,27,23,10,96,34,89,5,30,13,59,0,64,82,71,46,52,53,32,48,61,6,35,54,47,54,6,53,9,99,90,96,35,83,94,53,21,47,64,59
84,70,84,19,74,42,70,96,89,86,91,1,39,92,18,77,78,50,7,49,54,36,82,83,88,85,94,41,71,45,70,62,86,82,49,63,27,80,21,80,6,2,21,37,46,35,20,2,44,31,41,14,38,83,51,42,54,11,36,26,79,31,32,60,98,41,64,52,49,95,16,18,34,34,97,91,1,40,27,27,7,26,48,27,15,65,16,67,81,62,65,77,82,72,51,15,76,67,49,1
47,40,42,70,95,40,19,64,59,12,58,80,22,73,85,98,34,37,61,99,38,95,83,90,73,27,15,46,62,15,26,45,63,72,44,11,63,54,78,95,13,26,91,60,97,16,58,28,68,45,81,52,41,65,40,53,37,40,40,19,59,56,2,21,35,57,48,70,94,24,5,86,35,58,53,76,46,12,60,69,78,58,94,55,76,22,97,53,7,38,96,77,88,9,72,99,38,68,80,99
67,5,60,18,68,10,24,67,40,30,37,31,65,56,25,5,79,22,71,42,0,62,63,29,99,53,49,1,52,88,53,14,50,26,1,26,90,26,0,72,2,61,70,78,50,10,64,76,79,66,45,3,18,65,15,2,62,92,40,45,12,88,4,29,24,11,61,85,51,79,50,61,44,30,42,64,24,27,18,43,78,56,21,99,6,0,62,1,43,11,31,5,16,93,99,54,25,0,85,15
62,79,32,30,46,76,79,0,49,43,25,21,76,73,79,53,23,92,94,74,64,76,83,77,59,85,87,15,56,64,33,43,26,40,96,1,14,6,15,62,64,75,87,69,3,22,65,47,97,73,43,54,21,74,25,39,44,79,59,7,0,71,43,7,49,80,98,51,99,5,9,27,75,25,62,75,79,5,1,46,41,46,72,88,47,36,16,9,37,98,24,77,59,6,88,17,91,0,74,95
78,22,47,77,69,99,62,25,42,73,64,52,50,80,27,53,18,87,58,82,75,52,40,31,98,25,27,26,62,89,18,98,73,89,28,79,87,20,32,17,53,96,44,89,23,68,31,1,48,50,25,39,34,78,54,64,94,45,35,91,8,40,83,0,26,73,27,43,3,27,24,22,61,23,69,16,96,11,35,6,72,9,86,89,62,50,5,3,61,32,70,81,93,18,59,10,51,28,48,81
54,27,2,2,82,35,83,51,88,52,9,6,69,96,13,59,41,51,52,97,32,32,90,92,71,81,72,43,6,85,43,81,92,72,80,66,46,18,73,25,40,13,42,87,91,45,33,3,0,29,6,5,12,45,20,92,31,67,1,24,45,93,62,4,35,65,44,68,80,80,15,96,26,46,47,23,22,35,21,87,4,73,5,68,48,79,8,82,98,51,89,95,46,26,83,19,6,21,56,75
46,91,14,3,97,7,79,99,11,94,72,15,17,56,64,4,70,56,0,19,25,20,98,37,46,61,43,15,45,91,26,33,33,5,41,71,59,69,67,53,7,9,80,16,23,65,91,90,77,20,36,77,90,70,63,29,98,21,55,98,26,47,60,96,61,79,79,81,23,1,57,45,22,35,33,66,82,37,58,89,2,43,48,54,12,75,74,25,28,60,3,77,2,16,59,22,96,10,30,9
86,93,12,45,38,84,67,26,45,82,53,14,47,67,86,16,9,84,55,69,12,68,54,93,39,34,8,96,63,95,76,53,50,90,59,60,38,3,52,73,85,83,9,85,75,54,76,66,4,99,58,80,39,57,64,69,39,29,11,96,58,4,20,54,96,1,99,73,41,85,29,87,1,60,50,88,18,4,74,20,52,36,80,36,81,10,10,31,56,56,74,67,38,35,86,87,3,88,75,26
79,59,87,96,48,40,68,40,57,0,16,10,69,79,87,83,34,34,85,22,73,44,30,26,3,69,51,96,12,98,38,41,91,41,23,42,33,26,85,46,61,27,40,24,92,81,35,6,37,18,67,81,90,53,87,91,34,57,26,58,84,7,17,88,59,17,81,44,43,91,10,76,65,44,51,13,69,17,31,19,79,52,74,29,80,19,67,67,0,40,53,23,24,65,92,95,10,51,96,97
17,64,88,9,3,45,41,41,39,84,43,80,68,90,95,93,91,55,47,56,66,66,31,99,80,74,31,22,53,75,40,75,71,25,72,95,77,2,29,86,64,74,95,77,72,54,72,95,70,80,90,43,34,69,86,99,78,2,89,71,15,30,66,35,51,46,61,26,5,57,46,74,77,2,0,52,55,31,35,85,72,21,55,58,2,13,1,89,1,21,77,98,90,84,61,48,17,51,52,21
3,26,42,17,85,65,91,1,95,22,45,40,55,82,89,38,7,94,13,12,58,44,75,91,33,53,5,40,84,49,18,96,29,99,86,65,11,73,95,44,85,91,97,83,80,10,39,63,40,71,10,97,88,9,4,74,13,68,78,37,97,89,79,98,60,15,71,50,75,64,5,57,92,62,9,90,88,96,53,55,53,69,72,16,38,84,2,62,88,98,73,67,37,58,57,84,34,22,5,69
53,93,92,97,74,73,87,1,99,67,86,71,66,29,75,38,87,27,36,66,55,15,39,44,13,17,61,96,62,73,78,17,50,62,91,7,81,33,39,70,60,12,95,59,66,31,80,74,42,3,50,95,19,30,60,61,78,48,23,48,69,10,65,15,87,59,17,94,62,17,5,15,81,39,24,80,92,36,61,84,93,73,56,86,89,88,49,77,83,74,33,57,30,85,95,14,55,24,56,14
85,19,51,88,31,37,65,63,44,89,99,33,35,64,12,22,98,66,40,62,82,21,62,73,56,25,94,32,96,30,52,65,7,20,51,33,45,6,70,81,92,63,33,65,49,59,49,35,55,63,3,37,5,11,7,11,57,94,88,59,48,92,32,1,91,33,29,30,7,36,30,38,34,98,56,17,96,31,21,64,95,98,13,42,96,1,66,55,92,43,62,14,98,34,40,48,9,9,7,37
13,32,34,26,38,22,34,6,83,6,23,79,11,97,37,30,89,51,96,17,66,47,37,66,81,45,17,88,13,61,75,40,49,32,33,1,56,35,64,36,6,59,5,98,28,34,90,4,57,58,23,6,46,4,96,14,19,69,94,32,87,57,7,73,4,54,95,57,48,19,3,3,86,67,24,15,31,8,11,37,89,88,72,1,93,57,56,27,19,85,40,32,24,80,73,18,77,36,42,95
54,35,29,24,76,61,0,22,36,48,1,51,34,27,68,68,77,97,71,73,79,36,6,94,61,4,6,93,87,27,46,25,96,31,20,52,35,21,43,49,86,87,35,17,62,29,18,37,81,43,32,0,81,28,28,32,52,45,17,53,86,36,30,93,23,48,62,5,18,9,96,83,5,71,40,26,90,82,41,64,2,89,4,67,75,24,91,56,52,37,13,8,70,84,93,46,50,84,19,67
35,8,72,34,51,97,58,34,5,5,76,3,87,92,16,91,73,23,46,11,91,75,59,40,27,55,15,50,94,23,61,94,28,44,66,2,24,56,25,34,58,43,33,33,57,58,35,7,4,68,37,91,85,87,73,47,66,35,74,8,51,15,98,47,43,30,24,79,66,34,36,5,58,54,46,21,72,95,61,46,62,5,5,72,66,82,96,40,94,55,6,7,28,99,55,66,35,89,15,55
46,84,55,80,30,92,27,54,39,34,88,12,51,67,74,55,55,22,92,44,94,18,31,4,22,25,17,11,18,59,30,22,20,44,99,77,68,13,87,39,16,89,0,80,5,74,86,59,79,68,83,61,76,17,42,72,89,10,56,48,5,42,47,61,99,79,84,74,46,84,99,23,38,8,42,1,74,88,76,27,47,31,33,23,0,57,35,77,28,95,13,72,83,67,19,98,87,34,70,72
27,11,53,33,80,11,1,78,25,39,37,32,45,59,47,26,2,82,42,56,97,50,14,89,21,38,10,0,91,70,83,36,62,65,67,99,37,3,49,97,69,23,36,77,69,45,24,28,23,29,55,86,36,49,29,42,35,57,22,16,31,53,87,3,84,49,66,32,99,98,84,8,56,61,94,97,44,88,98,92,76,60,77,99,59,48,45,60,89,4,62,24,25,94,7,10,17,11,63,90
66,15,36,64,30,10,98,60,11,72,24,21,46,15,84,61,80,36,73,5,41,47,48,27,81,48,24,67,56,33,11,93,7,34,58,41,60,88,39,86,41,12,49,68,20,65,35,21,73,11,53,77,8,96,31,17,65,36,88,73,40,98,49,46,50,68,3,55,6,65,50,76,46,40,86,70,18,58,55,72,67,70,7,50,59,2,4,55,43,30,66,91,59,90,37,62,65,76,91,50
5,3,31,45,41,82,25,32,4,82,71,15,16,40,99,9,57,85,96,60,21,27,11,13,41,30,91,31,96,27,34,90,2,4,51,87,7,30,29,10,88,48,79,90,85,85,67,79,63,80,99,60,42,5,71,9,95,93,29,18,78,1,82,14,25,9,57,63,42,92,81,3,25,71,3,94,58,3,30,70,42,56,94,58,47,12,45,8,29,67,51,37,60,76,49,62,86,55,75,85
86,67,55,71,71,25,91,8,24,93,77,46,46,64,81,45,79,60,77,4,96,22,69,61,30,42,64,19,71,69,60,83,1,34,10,84,7,72,91,67,60,17,73,29,39,83,84,75,53,45,12,82,79,46,99,27,33,23,49,29,37,53,25,91,40,93,53,3,81,24,90,4,31,98,34,64,72,46,74,83,25,6,52,79,50,45,86,67,61,86,52,23,34,98,69,76,69,67,60,13
85,77,9,63,92,88,9,49,46,11,30,95,49,29,60,52,13,94,84,88,87,79,43,0,45,52,88,17,69,19,0,19,93,85,77,68,87,85,14,63,93,32,21,40,52,78,94,55,17,47,3,50,86,22,34,12,30,70,6,87,1,89,73,37,25,38,74,32,17,95,40,15,56,99,58,72,95,85,43,85,26,95,52,58,86,11,59,58,60,32,6,76,53,50,18,42,28,46,5,2
86,11,84,7,26,36,44,2,3,82,5,41,76,2,49,42,58,11,16,95,90,73,13,3,45,3,58,70,77,43,30,54,76,86,77,29,7,63,72,27,26,86,6,2,46,19,83,40,8,84,41,43,37,84,14,83,99,85,40,35,45,47,47,94,25,7,7,34,12,13,78,90,98,93,12,90,68,6,55,89,46,95,7,99,9,4,27,44,80,96,14,98,29,18,19,69,1,66,5,54
83,32,8,4,68,42,26,84,21,44,96,77,84,45,69,88,46,25,63,28,28,85,31,55,69,64,97,97,98,16,34,41,35,1,14,62,49,88,46,71,86,41,33,72,87,32,8,53,90,46,67,90,4,77,69,82,14,75,56,76,88,62,28,92,80,42,60,12,98,12,28,98,90,50,73,46,38,37,25,85,24,34,46,74,72,37,65,88,9,90,56,33,68,85,96,66,78,43,25,79
4,54,47,56,44,37,58,83,42,97,39,68,11,68,89,97,22,13,88,44,87,62,9,27,56,30,91,69,54,59,5,24,87,30,30,32,43,79,43,40,87,93,88,25,42,68,30,12,39,19,57,11,28,7,82,51,84,72,72,33,59,83,49,20,94,13,34,37,65,23,16,54,18,91,80,96,18,57,40,20,28,5,74,24,66,31,79,65,16,98,42,88,91,48,4,18,38,75,5,93
52,70,88,52,11,24,16,54,8,93,50,42,50,62,13,22,27,41,72,66,15,93,97,78,92,23,91,42,54,28,34,83,19,94,43,70,67,0,27,73,55,40,69,3,35,87,95,93,55,16,13,48,39,50,95,48,31,18,35,5,13,29,24,84,45,75,91,6,43,12,98,51,40,97,27,36,59,76,49,44,5,2,93,9,65,75,20,65,93,74,65,68,45,30,32,27,78,80,76,62
71,65,89,25,44,30,47,81,87,91,12,21,45,96,72,33,70,3,77,68,97,5,58,49,75,54,59,48,87,53,65,47,47,7,93,36,45,16,26,95,15,95,37,31,99,46,35,32,40,71,27,1,88,74,84,31,75,40,77,45,89,17,91,1,21,98,60,44,75,71,82,62,92,78,31,96,45,96,92,19,36,27,88,29,48,9,91,8,83,49,68,35,95,2,60,41,21,23,58,71
24,89,20,52,23,13,16,62,15,23,99,13,23,71,94,93,28,63,54,56,36,14,45,65,83,58,70,38,93,82,49,90,76,91,56,96,8,29,82,75,22,82,39,66,90,26,97,85,9,6,84,35,6,93,74,41,12,50,20,86,6,90,74,11,84,59,13,94,24,71,23,20,8,89,88,73,13,90,82,20,18,93,33,44,95,38,3,74,1,99,3,52,21,71,24,32,53,83,49,32
32,30,14,85,15,50,26,83,18,99,90,84,88,76,3,65,60,15,50,73,50,51,8,47,73,32,74,38,26,41,1,67,22,67,2,21,71,36,31,25,20,63,28,18,50,46,61,19,60,99,87,35,65,51,19,80,26,34,26,55,76,7,23,16,95,29,71,12,63,60,8,31,79,99,54,60,32,57,25,46,11,30,64,5,24,80,20,69,40,72,14,65,62,76,5,75,93,69,87,73
52,24,70,23,75,47,56,27,83,74,5,35,22,31,57,24,91,98,26,83,45,86,61,94,76,49,94,12,6,67,70,46,37,92,34,49,56,57,53,24,33,72,45,56,1,70,30,4,90,38,60,11,77,97,24,18,45,79,89,52,63,71,12,21,64,33,8,65,46,67,94,12,90,56,49,78,90,60,97,61,43,13,66,10,95,91,0,81,22,27,8,63,43,11,90,26,39,90,45,40
49,89,95,56,51,72,17,60,86,87,32,99,8,72,77,26,4,77,30,6,84,96,80,34,81,74,30,76,86,18,35,41,75,73,38,60,56,50,51,79,60,66,87,87,68,65,74,62,29,70,83,29,49,33,85,7,46,75,31,77,95,51,58,62,14,98,75,81,87,28,70,70,57,35,76,26,7,91,31,27,39,78,54,18,56,7,87,40,80,41,23,28,90,32,21,94,74,35,27,6
39,98,4,72,55,8,62,40,30,45,31,78,29,75,40,69,42,20,66,3,13,80,60,68,41,33,67,15,30,69,16,67,43,68,88,31,47,38,2,6,89,46,80,55,8,17,46,8,7,76,87,57,61,70,48,89,89,10,74,66,65,35,9,46,42,66,84,54,58,41,34,35,45,68,23,36,44,34,33,30,9,63,47,83,2,69,4,5,51,2,62,99,92,13,72,50,83,99,87,49
22,48,53,91,9,73,81,5,94,54,76,85,27,74,99,77,72,98,9,44,88,5,47,92,39,15,37,40,83,61,63,2,65,89,34,38,23,33,57,14,4,67,76,51,5,78,10,80,27,29,67,17,42,99,17,3,77,25,94,50,90,56,68,54,65,77,53,55,97,84,34,50,94,6,43,59,38,90,60,15,7,42,6,9,45,15,46,80,66,54,61,97,66,8,6,94,70,91,11,32
36,55,62,50,50,4,32,21,47,12,88,92,81,70,20,30,88,64,66,45,66,80,62,49,21,16,68,23,4,43,23,0,0,40,39,59,59,46,11,54,56,7,52,77,11,57,54,55,66,4,25,95,75,71,87,97,61,99,27,37,76,27,13,98,96,13,61,72,22,45,81,78,4,66,16,41,72,15,26,79,54,48,33,38,1,71,71,45,62,73,52,58,46,72,28,71,97,68,69,57
6,35,17,52,56,4,10,76,64,35,82,81,64,36,66,45,67,0,49,65,90,14,13,84,75,36,32,81,23,59,4,71,83,61,57,81,83,30,27,20,7,95,35,41,6,32,15,87,51,33,0,31,86,92,82,64,27,86,37,78,18,74,43,28,50,25,1,72,77,71,59,97,50,11,9,96,55,85,83,41,82,91,3,44,48,98,13,92,20,78,70,53,67,64,32,90,56,0,96,79
54,75,81,62,87,56,52,5,46,35,59,33,17,46,87,76,71,33,49,20,23,84,34,17,23,77,97,8,37,1,19,6,21,27,39,20,10,21,4,46,26,18,33,79,61,40,19,25,7,99,94,15,96,89,7,83,54,53,79,56,71,25,60,41,33,9,54,11,52,30,51,68,15,48,38,8,25,74,29,34,64,53,68,14,14,31,57,16,62,2,27,69,80,56,35,11,20,3,52,58
97,80,1,18,72,39,11,2,26,15,57,53,41,43,78,10,75,35,79,87,11,89,30,30,55,63,97,89,66,79,63,24,33,99,74,23,61,71,67,79,11,78,41,63,62,76,88,3,39,50,96,27,45,77,93,36,62,51,75,98,34,7,18,96,25,64,87,86,50,55,70,6,90,45,18,51,76,40,38,59,83,19,96,33,28,35,40,66,18,81,92,86,49,33,12,40,37,6,89,13
45,56,41,35,9,72,52,88,60,6,19,49,72,5,92,43,54,43,18,94,84,54,61,23,98,18,34,15,91,3,9,54,20,69,59,63,97,72,16,94,1,56,33,27,68,27,27,97,52,63,4,54,13,14,78,65,44,15,59,56,96,32,47,62,79,14,31,91,29,38,8,5,27,47,85,45,52,80,95,18,24,88,47,82,19,34,19,15,11,24,20,18,71,66,12,4,87,69,68,4
56,38,93,89,6,87,34,21,67,6,44,41,92,3,46,70,33,99,27,30,93,67,44,49,47,11,13,80,5,65,77,64,94,20,26,14,28,82,66,61,58,33,55,53,58,64,89,10,59,28,93,12,95,46,78,26,86,97,67,79,18,11,76,96,56,93,94,76,51,83,41,40,64,71,24,32,61,63,98,9,80,74,57,4,48,37,85,87,5,23,71,97,24,62,30,66,31,61,55,80
7,37,50,33,78,72,70,35,28,98,81,42,40,17,97,91,28,66,18,35,56,21,77,41,62,4,20,85,97,63,53,20,39,28,30,11,57,46,50,99,70,28,68,36,80,69,33,69,80,10,70,95,78,94,2,9,95,31,37,4,44,57,94,4,11,39,1,55,23,18,50,14,28,0,88,47,97,62,75,75,59,91,15,1,6,43,60,14,11,39,15,71,79,10,16,96,60,38,42,35
59,38,12,45,36,97,59,4,80,47,58,69,34,59,23,61,9,93,64,17,38,90,27,76,77,1,63,73,94,40,1,57,67,5,11,27,49,24,12,71,97,47,1,97,91,50,42,24,91,82,10,57,92,53,89,53,30,65,96,93,45,47,76,20,99,86,38,80,19,38,89,95,84,32,83,43,53,30,57,24,25,84,80,20,53,9,35,53,56,10,91,12,30,8,65,89,62,99,87,20
39,34,89,24,35,8,19,17,82,49,4,58,81,65,87,4,75,37,33,17,32,23,87,33,92,73,54,54,71,0,25,37,92,94,82,48,22,87,97,70,50,16,5,62,4,97,89,42,34,55,86,81,0,65,72,42,30,96,16,60,74,29,21,58,75,26,38,9,93,49,64,81,21,83,52,80,77,4,17,53,44,91,21,90,77,21,24,65,31,49,94,25,35,4,94,60,20,30,30,63
69,49,29,24,55,69,76,43,44,70,49,65,57,13,64,51,13,17,52,30,1,58,53,49,31,2,27,97,95,95,64,56,72,14,51,7,96,1,15,76,18,82,7,56,53,37,31,33,94,77,70,1,37,12,5,51,16,69,13,8,86,94,74,16,32,77,64,57,76,39,95,54,27,84,38,68,93,72,40,2,17,76,85,2,98,66,12,4,47,72,54,75,71,15,82,70,65,36,99,82
31,70,6,5,91,20,28,76,31,35,57,14,14,70,52,47,48,35,62,31,38,61,15,56,8,17,84,13,13,73,90,24,32,85,30,75,50,84,91,58,71,95,60,13,68,62,34,75,40,0,36,84,31,85,5,23,79,55,22,21,54,67,10,88,93,21,33,73,26,13,46,20,50,54,71,91,59,85,90,55,7,69,2,93,23,10,20,70,8,79,10,50,81,61,70,44,68,46,70,15
76,19,91,97,79,12,82,12,75,26,18,76,48,17,49,46,14,16,55,28,42,76,19,76,73,18,45,17,9,96,73,30,14,45,2,43,36,2,56,69,24,26,97,49,11,93,15,9,80,13,72,87,56,38,56,6,45,36,4,75,4,82,65,79,11,73,56,90,68,32,24,72,60,0,46,19,24,5,42,21,47,47,84,96,95,14,66,97,74,86,77,85,79,47,12,29,9,61,86,61
25,78,69,59,66,61,78,32,78,49,80,7,71,8,28,19,84,40,23,92,49,71,5,38,47,85,35,14,62,62,92,88,49,65,87,57,51,10,46,76,48,21,0,95,96,31,80,34,3,13,66,6,1,17,63,6,50,2,55,25,59,52,86,13,13,66,91,41,11,18,68,67,82,8,32,57,45,58,35,70,57,88,83,88,47,91,41,65,99,34,38,8,85,80,74,63,81,35,36,54
41,3,8,88,9,6,73,43,56,89,1,69,88,34,27,81,66,14,95,63,96,28,31,17,34,28,25,43,49,60,35,74,63,6,13,82,59,21,6,12,20,45,73,18,26,83,0,29,42,68,46,97,33,73,10,14,72,97,13,97,1,67,19,17,68,55,91,24,49,88,47,29,80,76,69,8,32,53,80,81,34,50,62,79,68,21,14,84,57,99,68,5,63,33,12,19,3,19,82,52
0,48,90,9,17,84,82,87,50,29,77,6,85,44,50,40,25,23,49,10,25,64,33,52,98,26,92,58,78,20,25,5,39,77,75,20,23,18,38,72,80,95,89,47,39,65,95,83,84,45,64,23,57,3,87,44,51,48,65,8,75,67,89,54,82,28,25,51,43,24,82,16,84,67,17,76,74,30,59,62,39,48,59,47,71,95,3,15,81,88,54,11,49,13,18,55,57,39,64,11
72,26,6,91,99,7,19,26,96,73,13,17,20,2,94,24,0,77,15,8,51,19,79,55,76,28,83,99,61,30,20,19,72,31,34,94,52,63,40,54,61,81,62,2,33,8,54,19,44,22,2,92,36,31,76,45,94,68,97,69,26,25,85,17,74,22,33,72,11,80,32,37,86,22,48,15,82,86,83,30,18,38,56,57,34,11,79,67,52,91,33,10,7,67,73,41,49,48,59,59
72,64,60,58,45,15,46,5,8,15,1,31,35,74,40,56,76,68,87,19,78,23,5,41,52,62,43,83,46,60,3,99,40,13,33,70,45,54,68,64,22,73,77,75,31,76,5,39,82,22,45,98,87,31,42,53,90,8,81,53,32,80,0,6,86,63,38,76,17,1,37,80,57,34,53,40,49,97,40,13,33,10,32,46,34,70,51,99,88,70,83,18,43,28,43,79,42,66,27,19
74,48,3,95,62,89,71,31,12,52,96,57,92,89,69,7,38,97,19,20,85,55,7,15,96,62,7,44,26,18,39,1,44,39,55,42,53,0,83,23,25,23,23,10,38,38,52,80,59,33,44,85,90,81,45,68,63,94,30,39,35,58,65,70,7,34,86,2,99,93,65,80,24,37,39,96,54,92,11,19,0,37,51,37,58,95,92,1,44,77,51,93,34,63,16,14,66,99,74,44
46,55,86,40,75,90,47,68,27,35,45,92,71,65,23,28,87,17,77,55,15,13,51,11,68,94,81,72,89,0,51,12,4,69,38,59,92,43,57,70,69,88,67,74,69,82,5,44,97,87,1,92,49,53,77,60,90,13,23,85,16,22,67,25,85,12,8,34,31,12,99,66,55,36,17,99,32,46,17,84,18,43,11,16,6,29,75,18,55,99,8,24,12,62,1,10,42,66,43,99
52,54,81,72,97,8,72,21,64,66,60,72,51,54,49,86,70,42,1,18,59,97,68,52,65,98,43,29,19,75,66,45,11,59,94,98,14,79,89,91,47,43,87,1,57,98,58,41,22,50,81,29,91,98,63,14,56,25,59,57,41,53,39,28,53,20,33,89,85,31,46,59,42,32,33,41,13,63,66,12,62,54,72,65,37,42,90,21,74,25,68,98,86,15,91,65,86,39,35,41
98,95,99,4,30,46,27,54,90,51,54,43,10,97,58,69,51,30,63,25,85,65,12,24,21,33,38,82,0,18,96,84,7,89,46,66,76,36,23,15,12,27,92,68,53,50,55,71,23,19,17,47,62,38,64,87,19,48,48,22,70,42,16,45,9,43,67,97,71,89,30,33,91,22,10,51,67,28,69,9,26,52,79,50,79,76,66,81,76,94,12,12,48,32,87,12,29,11,79,12
56,74,29,91,23,21,59,21,70,62,22,97,53,52,17,97,86,80,58,69,47,77,95,87,29,53,31,87,32,7,25,45,28,49,9,65,76,60,85,20,87,80,93,64,20,0,61,95,75,28,44,3,96,11,28,51,68,79,89,6,98,30,3,25,74,41,74,78,87,86,10,68,37,61,54,67,10,81,20,84,13,41,94,59,55,22,33,77,96,96,84,68,21,14,92,5,69,84,30,49
38,23,26,74,94,66,61,76,78,7,63,80,6,13,34,12,19,35,9,88,76,17,58,66,95,88,5,81,74,52,16,75,77,98,32,16,85,65,62,37,49,93,29,45,43,89,18,87,89,58,44,28,69,64,11,69,24,40,8,73,22,90,25,86,90,59,29,61,24,11,38,67,16,9,93,10,25,62,82,82,51,58,94,47,18,60,8,91,0,16,96,89,42,1,94,99,12,71,43,52
23,96,92,74,20,62,95,56,94,58,85,34,10,51,89,82,92,69,49,46,84,15,70,58,41,46,60,59,1,43,68,12,8,27,65,26,28,86,71,86,29,73,11,50,32,31,68,33,23,51,65,13,97,25,73,9,36,80,76,2,95,56,8,25,65,50,61,66,27,78,72,62,48,3,81,29,27,65,65,36,79,40,22,2,41,88,53,39,1,26,18,89,19,31,26,0,55,93,76,81
61,51,16,18,64,66,42,17,76,48,26,62,28,48,50,89,91,47,40,39,17,44,96,6,5,65,52,43,21,39,95,6,70,7,89,54,32,40,5,63,34,40,71,86,94,40,67,87,61,52,42,77,59,35,19,63,53,62,75,16,91,50,87,79,53,70,3,0,54,58,68,17,13,66,0,75,15,32,95,81,62,21,90,93,97,46,64,51,21,64,91,83,90,68,66,45,76,4,6,47
36,75,28,22,2,23,41,1,8,92,44,47,97,87,88,67,44,72,87,84,10,31,40,22,34,63,94,21,17,96,0,85,22,21,5,68,81,23,15,52,21,16,3,78,75,53,10,30,94,63,60,56,14,37,23,90,10,50,88,58,80,51,7,76,43,42,78,44,10,16,53,37,2,6,67,70,55,43,19,49,65,89,56,89,50,25,54,22,34,70,9,81,65,95,24,73,99,48,63,28
60,14,34,43,56,54,1,80,33,73,4,81,34,82,43,8,59,42,51,20,52,34,95,35,67,78,69,42,57,44,34,1,90,51,29,0,16,96,26,8,90,54,71,86,17,82,16,59,91,41,53,75,41,76,53,55,28,35,0,45,49,55,14,67,30,25,64,87,7,2,89,45,58,34,90,84,82,28,57,71,32,35,59,54,52,66,80,69,60,47,8,36,38,9,52,16,59,85,98,8
62,74,12,4,99,94,73,70,40,21,31,52,54,47,98,64,75,42,51,17,30,74,97,43,44,21,41,4,78,2,61,50,19,15,48,15,24,68,10,24,24,6,32,7,65,88,81,38,65,29,4,68,19,50,53,18,93,97,59,4,8,51,23,84,40,8,59,20,39,69,11,32,83,14,80,32,23,97,77,26,34,30,31,72,85,6,28,87,65,3,3,76,58,61,44,57,95,14,94,72
25,78,76,77,52,91,15,63,65,95,62,62,92,22,90,49,31,46,64,91,77,4,26,23,34,83,58,17,87,18,97,75,98,45,31,27,18,16,5,48,80,66,10,89,96,23,54,92,85,55,27,46,97,47,69,31,11,77,85,76,38,19,63,76,38,99,47,48,1,9,24,33,26,37,88,91,80,87,95,98,10,19,56,63,29,8,98,62,77,74,0,63,83,69,28,81,51,67,2,3
8,50,32,93,89,41,67,34,18,87,60,89,51,37,42,9,45,2,29,34,49,90,72,71,50,66,10,52,65,83,71,88,26,41,94,49,26,34,40,37,68,30,8,91,18,72,19,89,11,38,61,72,80,77,79,18,77,23,33,73,67,58,3,32,33,20,68,57,66,48,23,63,7,33,90,60,0,11,20,76,46,13,11,44,37,7,38,42,15,44,26,59,24,54,69,22,82,93,21,19
10,97,85,42,98,89,71,50,64,65,93,73,79,0,26,29,93,13,0,49,39,63,72,5,70,20,65,62,93,97,77,31,31,45,92,93,38,75,34,89,1,67,29,95,56,64,29,36,63,5,16,86,34,13,41,63,95,27,96,38,21,35,69,91,17,25,78,12,80,83,7,5,78,64,14,90,24,4,38,3,52,85,8,98,51,29,25,65,18,69,57,86,26,64,29,71,81,0,6,15
64,86,45,43,42,14,42,64,12,0,51,1,68,49,30,8,9,63,20,29,69,95,31,88,33,63,43,67,43,85,18,94,63,56,31,98,18,88,88,86,46,58,66,1,93,12,94,11,13,14,68,78,10,0,33,20,15,60,24,99,92,42,88,89,54,49,22,78,15,68,7,41,96,45,25,71,82,50,21,3,80,90,77,63,66,22,55,70,57,59,83,85,27,45,45,18,25,52,45,40
67,89,69,47,10,60,3,94,48,79,59,50,21,34,76,90,81,62,86,30,52,95,19,19,15,63,58,75,87,1,41,59,86,60,37,11,9,0,35,1,40,46,83,41,45,5,99,37,26,97,34,68,67,78,25,91,28,61,74,95,51,15,76,8,98,13,78,84,74,36,80,37,89,30,70,91,50,41,14,33,56,39,10,58,64,35,43,71,12,3,13,83,40,46,70,49,77,99,67,90
16,35,13,30,69,63,29,3,34,38,0,67,79,91,52,19,38,67,50,6,20,67,3,94,75,4,67,21,21,3,28,18,87,31,94,86,32,31,92,93,83,48,27,3,36,10,1,82,41,91,11,28,27,51,28,90,10,8,83,77,44,52,39,75,49,29,1,3,33,23,79,86,57,81,13,41,89,89,57,61,37,12,77,11,54,90,45,6,98,14,16,70,34,43,87,2,22,88,35,43
95,36,38,19,20,22,3,55,43,77,9,5,11,79,58,95,74,31,84,94,91,77,55,80,50,31,7,28,81,36,38,92,33,12,65,70,98,69,10,89,24,95,29,44,13,45,37,98,30,77,76,45,53,59,36,35,88,14,20,34,55,27,20,90,59,41,25,2,40,20,62,5,95,70,31,94,30,67,66,86,61,24,2,8,61,17,68,6,97,33,72,56,46,63,32,99,55,62,66,87
73,82,58,53,61,20,21,78,59,24,64,70,24,1,67,55,73,23,4,38,95,19,30,35,44,88,52,70,33,0,52,7,27,14,48,24,5,49,72,67,21,26,84,97,83,22,70,19,25,24,21,12,77,84,59,1,34,88,30,11,89,14,55,70,91,24,35,38,12,61,92,33,81,15,63,56,60,80,92,2,20,77,60,18,50,43,46,45,42,12,24,89,46,85,31,66,91,80,47,48
67,97,14,22,40,50,50,19,67,79,57,71,15,17,84,92,74,75,79,19,37,33,3,0,17,58,22,39,21,68,52,59,15,63,96,85,30,32,42,6,19,33,39,29,8,76,38,4,97,80,28,13,29,75,56,85,21,3,96,29,7,19,56,64,35,77,37,49,68,45,88,43,34,80,55,28,22,46,40,11,48,62,84,11,8,7,74,38,81,29,66,77,12,75,91,69,66,94,14,41
92,68,63,85,74,2,46,76,5,45,34,86,64,3,78,14,24,63,67,2,13,77,16,95,91,75,41,98,8,34,51,86,10,48,93,13,27,5,29,49,78,47,32,77,6,43,6,1,53,43,73,90,12,70,76,59,10,73,93,17,46,20,13,55,65,50,41,54,71,96,50,85,82,45,85,40,68,15,0,25,39,13,97,50,2,15,31,33,72,17,64,71,88,16,4,3,54,43,8,71
27,37,52,41,5,23,42,69,14,60,86,46,12,70,68,66,90,31,34,81,36,67,53,12,96,24,7,24,81,72,68,11,10,1,16,28,37,94,5,59,39,30,54,29,86,38,88,29,9,92,71,85,29,22,82,38,14,29,15,24,31,69,14,17,13,65,44,84,65,18,94,21,68,81,89,53,0,58,50,65,15,94,89,39,36,98,8,23,54,33,6,70,13,98,74,35,64,5,84,63
48,71,81,33,47,48,37,41,9,18,45,20,86,8,56,50,55,11,21,64,94,35,47,81,85,75,51,55,10,64,26,96,16,18,44,60,31,84,29,90,32,79,48,62,69,91,13,7,68,92,96,53,4,0,57,5,1,25,19,33,36,92,24,63,49,63,31,75,69,63,82,59,16,99,89,94,96,1,79,74,58,42,9,37,66,44,74,9,40,41,67,10,74,79,44,11,13,29,69,33
99,61,11,26,87,6,1,37,5,15,88,94,58,76,68,46,29,47,55,32,17,42,81,6,6,68,78,81,10,28,49,34,87,15,32,20,45,46,9,64,71,91,10,89,7,44,55,83,32,4,40,93,81,90,26,97,48,49,27,61,53,83,70,19,15,90,55,39,86,23,38,41,45,30,60,83,87,92,26,69,34,11,92,37,34,15,41,39,39,68,45,92,22,87,7,2,28,4,21,95
2,84,21,70,2,2,93,67,99,28,71,3,21,78,55,5,26,64,67,24,82,49,8,0,7,6,12,44,54,70,45,50,89,35,79,58,96,21,80,95,29,14,30,15,1,53,3,2,25,19,84,78,57,46,32,21,37,10,80,57,23,24,32,10,23,30,24,92,98,14,8,71,33,35,1,28,57,63,2,83,11,21,21,37,7,94,69,28,13,96,11,13,39,77,37,8,58,28,61,6
53,99,19,69,19,27,59,10,67,7,84,39,68,86,95,23,5,35,17,9,67,69,70,82,91,30,14,20,38,89,73,31,79,87,1,49,68,55,51,11,36,23,37,13,39,21,70,64,88,77,91,55,4,42,39,56,81,30,28,40,54,5,59,65,63,34,52,89,66,31,57,16,35,53,64,31,28,61,39,2,22,59,14,14,73,35,14,83,58,27,41,91,2,31,15,29,65,16,45,4
56,81,55,1,11,52,82,95,31,75,76,90,90,55,20,95,67,29,70,4,58,2,16,17,42,72,91,99,91,28,83,53,88,6,30,61,65,22,29,30,28,88,51,99,1,33,23,45,89,17,35,89,1,51,18,21,13,76,79,80,15,15,79,60,65,53,74,34,52,90,96,91,5,26,91,6,89,98,97,46,28,15,44,70,95,14,30,41,13,49,38,21,10,36,82,16,13,69,50,9
