94,97,12,47,51,16,94,8,27,52,26,55,6,21,52,59,50,38,56,91,77,16,93,38,24,41,30,78,48,13,33,17,24,95,54,30,34,79,21,22,68,57,39,98,17,62,38,6,13,84,88,33,66,9,7,42,74,40,32,50,72,96,69,73,39,6,4,61,5,89,68,39,51,99,94,44,44,10,7,19,81,13,5,74,57,92,64,96,3,82,26,61,5,34,28,19,80,7,3,81
81,75,5,63,40,93,24,13,31,67,38,13,73,95,18,4,63,27,66,79,50,96,22,73,54,84,19,44,24,84,23,22,74,35,53,77,22,96,1,85,19,49,28,16,29,37,26,79,0,35,15,97,76,18,14,42,53,39,87,11,73,23,98,7,69,0,50,12,46,73,14,29,57,78,28,46,3,90,4,51,92,88,47,95,88,64,69,29,42,75,67,10,82,49,78,64,52,8,77,32
84,16,92,12,67,65,1,81,91,49,51,51,55,29,80,31,85,22,94,4,81,43,20,69,76,59,24,85,89,98,3,83,89,31,35,32,36,55,33,90,20,80,45,77,81,67,41,48,47,76,2,63,68,58,71,98,97,84,67,15,56,85,28,71,1,43,5,62,79,91,53,20,13,27,59,71,86,53,33,63,67,76,70,67,14,26,6,17,68,81,91,38,11,86,20,60,92,66,84,62
65,47,43,90,94,88,94,43,45,49,88,30,42,58,89,79,46,13,74,10,29,97,35,44,19,83,68,14,65,78,71,27,88,48,94,62,1,72,45,26,16,4,79,25,97,60,67,88,45,70,54,77,24,5,48,15,90,57,17,56,39,96,16,99,41,58,55,35,88,58,8,28,30,74,29,49,3,23,4,62,98,85,96,75,95,35,37,86,10,73,56,49,54,46,50,63,42,89,10,94
48,44,98,13,14,40,6,18,33,69,74,82,74,74,76,67,78,63,43,35,62,7,93,42,71,73,89,4,14,66,10,56,70,69,15,63,13,40,81,80,2,13,88,93,83,62,83,18,29,8,46,47,55,70,77,80,28,50,22,85,64,26,53,78,0,18,61,44,56,82,35,14,78,12,24,23,71,39,5,0,15,32,46,33,91,26,74,63,98,21,41,91,69,80,73,18,63,18,24,16
85,7,49,41,25,49,63,45,37,25,41,1,3,21,50,67,41,21,46,69,67,60,11,17,4,84,37,47,31,84,52,4,72,25,28,23,6,72,14,49,90,67,50,47,18,31,75,48,32,57,16,80,1,3,80,47,78,70,49,33,92,13,38,73,94,81,2,99,77,44,31,14,88,52,26,51,29,58,99,73,14,92,39,19,26,24,92,93,20,82,91,12,23,96,13,81,48,63,62,35
20,42,60,76,15,76,18,26,3,74,7,21,45,22,86,63,23,95,9,79,23,23,55,36,70,46,44,42,92,26,5,42,2,94,76,47,95,62,67,82,70,93,88,61,12,4,84,24,98,4,96,60,87,9,18,45,60,73,89,13,45,24,42,92,75,78,12,96,37,85,32,11,18,48,67,70,43,50,5,25,36,16,85,78,32,19,61,0,60,56,62,17,82,43,37,34,31,55,76,10
94,93,18,23,80,25,30,79,76,44,85,91,89,65,14,22,34,0,48,24,77,16,57,22,34,77,82,27,15,23,50,23,43,20,58,49,28,75,8,3,96,88,12,98,13,65,15,98,51,27,63,95,47,72,70,73,31,63,95,19,10,82,14,79,68,63,82,54,60,32,49,37,95,49,27,17,83,48,83,3,71,83,99,97,8,44,85,47,15,99,88,71,73,52,28,1,27,39,94,1
69,90,22,19,15,45,91,19,73,23,5,32,88,29,51,89,19,21,86,21,1,14,81,33,29,58,61,42,30,54,54,52,42,57,7,92,48,0,42,18,14,28,69,22,90,16,77,38,27,59,85,96,94,1,0,50,11,34,23,10,4,62,44,16,81,12,41,16,15,46,66,21,18,90,70,18,12,89,24,72,13,58,64,85,72,42,80,84,19,90,5,84,2,2,13,14,67,36,61,52
92,75,3,51,18,54,71,42,66,52,3,96,45,33,34,31,39,79,59,47,52,0,27,25,62,66,41,19,38,42,65,79,16,9,14,79,80,73,1,46,66,26,13,74,84,85,35,96,86,89,70,58,49,54,16,90,89,39,54,49,51,29,37,23,30,68,53,29,23,67,20,22,34,64,93,77,87,0,28,89,38,70,97,69,71,84,75,9,3,47,10,93,65,86,20,78,91,33,64,21
64,13,15,31,69,65,35,42,14,84,40,12,80,58,52,34,69,19,43,22,43,43,21,92,24,83,76,15,15,68,68,57,60,35,46,52,62,52,30,33,63,5,18,76,89,7,6,99,86,45,19,9,6,79,93,30,57,2,40,22,3,3,18,25,66,81,52,60,10,17,35,7,13,74,75,73,87,74,97,9,48,12,52,82,43,1,51,46,63,64,65,1,34,19,28,67,66,86,98,9
73,15,10,95,27,34,64,21,10,44,58,95,18,86,18,90,74,33,35,33,0,29,91,4,24,22,56,11,38,2,96,85,61,29,60,62,58,93,29,97,58,54,32,98,27,91,65,88,38,86,71,22,77,57,47,13,68,58,10,78,39,72,70,78,47,13,78,6,31,37,40,68,59,36,99,9,79,20,77,94,51,98,94,91,0,88,81,24,77,25,20,69,68,82,6,16,85,61,48,89
0,21,19,70,49,54,47,17,34,51,45,2,74,89,0,69,34,27,11,29,50,60,67,73,80,45,35,98,51,65,33,95,49,41,2,55,60,9,80,9,6,88,61,27,19,79,56,18,65,19,34,64,47,47,66,66,25,3,95,51,43,80,88,59,73,69,66,71,97,50,21,67,25,50,55,98,37,79,57,67,57,18,93,99,76,6,42,15,23,70,97,27,78,52,15,54,65,74,2,46
88,12,28,74,96,68,24,24,93,54,34,17,89,77,34,35,38,59,33,98,61,37,98,51,46,24,65,34,35,88,62,64,40,12,95,55,87,72,44,10,68,53,83,90,26,43,52,96,51,20,59,20,90,21,76,68,91,14,31,97,78,6,13,1,67,62,36,61,77,34,11,75,74,9,30,14,49,66,16,44,14,22,67,57,77,15,54,78,21,77,98,43,60,97,8,43,36,20,40,90
24,81,86,73,15,57,64,24,6,73,87,99,1,98,82,18,72,52,79,3,21,49,22,80,22,49,85,68,52,79,50,69,90,27,69,78,10,95,36,75,44,16,5,96,55,69,90,13,48,21,31,9,22,93,71,84,4,10,54,68,47,64,2,5,39,38,80,88,2,76,69,22,29,81,49,90,28,20,77,31,57,63,60,98,2,13,66,45,55,99,80,21,18,73,35,80,49,93,0,19
49,35,28,0,32,93,90,23,58,50,90,93,48,54,94,1,85,75,37,82,58,96,58,92,63,17,17,50,5,20,27,29,83,28,69,25,3,96,60,45,9,16,46,76,28,53,3,59,43,37,37,27,22,74,66,35,57,7,21,69,56,43,35,13,95,30,69,9,83,56,14,92,57,24,54,1,0,91,94,77,86,90,85,26,95,29,44,57,38,26,81,55,70,77,97,6,7,20,39,93
17,41,27,95,42,23,99,62,12,5,64,97,79,20,74,32,91,60,68,1,34,77,26,91,18,62,16,60,48,18,2,68,11,21,17,81,84,45,37,89,5,57,29,19,35,66,41,38,7,98,2,27,15,56,31,21,6,40,16,93,18,67,25,85,24,91,28,57,73,86,85,7,56,93,49,64,79,9,10,64,55,10,14,8,71,52,46,49,35,75,39,49,66,20,14,82,72,4,53,9
36,75,77,46,45,91,10,32,28,75,2,91,17,29,82,24,9,21,12,71,65,36,8,93,58,73,83,61,41,50,32,4,94,4,47,29,58,75,76,27,57,7,20,92,6,77,64,70,88,18,40,32,59,1,56,70,56,12,95,13,63,78,42,10,77,49,74,63,1,82,44,45,1,41,11,47,81,48,79,35,13,26,31,44,34,41,74,96,0,77,95,51,78,66,81,92,16,59,53,85
41,7,59,34,85,57,87,61,44,29,4,81,0,55,19,55,99,12,52,80,33,1,36,8,3,17,1,84,52,97,50,70,23,37,98,44,95,51,56,29,1,59,85,21,68,36,27,83,60,12,23,76,32,47,1,68,39,82,36,58,45,81,96,77,7,23,12,5,63,43,70,98,34,74,79,8,16,0,81,84,73,44,50,77,48,10,74,17,53,56,59,4,29,80,91,89,13,53,75,28
80,5,75,52,22,5,71,24,24,52,83,97,25,66,13,43,19,5,29,60,91,79,15,54,43,10,85,75,4,43,38,11,13,70,23,16,46,62,37,42,0,35,76,37,54,44,72,0,98,55,47,22,38,87,95,63,45,72,83,55,74,18,1,6,14,52,26,16,91,89,6,91,62,81,99,48,40,23,78,25,60,66,33,68,43,71,32,70,70,17,77,17,29,86,47,42,3,18,22,22
17,91,48,29,9,46,98,87,23,11,68,68,99,2,76,48,34,1,70,21,26,40,10,34,28,71,95,39,70,2,66,42,37,75,49,78,20,46,73,76,68,46,17,7,29,93,28,73,65,72,14,35,66,53,44,34,40,41,17,72,92,80,75,24,76,72,63,12,67,6,60,99,3,67,85,62,10,98,57,52,62,34,65,84,32,2,53,42,62,37,39,22,0,22,81,10,27,42,51,38
67,52,47,10,50,42,75,67,52,1,14,63,90,1,60,10,30,3,47,17,4,83,45,70,79,54,6,38,61,47,44,16,89,6,41,72,72,62,21,63,13,76,18,52,77,79,81,5,70,38,30,17,61,75,87,69,51,72,47,35,34,15,98,12,95,96,10,36,72,15,39,12,51,5,43,56,50,18,16,70,39,6,5,64,1,9,10,62,4,76,87,34,46,47,57,78,61,27,60,36
0,54,40,55,90,40,19,89,27,16,59,2,51,56,79,41,0,24,48,90,51,92,66,60,75,23,68,99,48,60,60,74,87,17,74,98,88,21,8,8,42,77,83,39,57,10,53,20,73,16,72,68,16,80,15,94,7,74,58,58,79,95,53,67,52,74,38,83,7,70,7,65,72,43,70,64,54,37,37,62,77,16,43,76,13,85,48,88,76,27,87,90,9,79,68,45,35,26,96,78
46,50,80,4,38,53,28,12,86,15,20,82,31,53,43,22,66,38,59,37,62,89,35,32,69,68,56,63,89,47,1,65,8,6,13,75,92,49,3,5,82,92,59,77,54,58,34,10,85,83,27,95,67,3,24,59,94,66,50,36,18,17,93,86,99,13,12,88,40,62,93,20,95,78,23,18,28,26,44,9,24,44,81,53,78,79,54,88,85,46,92,15,38,36,26,45,22,89,49,7
97,62,30,28,90,60,33,88,39,15,37,53,78,92,54,47,23,27,3,30,89,26,7,47,64,5,61,14,61,70,26,27,81,28,6,63,93,59,72,7,6,93,74,11,84,33,91,5,53,93,12,18,61,47,58,17,24,68,77,70,60,11,37,42,90,23,74,49,77,3,39,98,53,23,97,69,62,5,56,33,98,70,0,32,35,23,2,10,48,73,94,55,53,21,9,46,7,50,89,41
43,28,16,73,63,21,88,90,90,92,89,37,80,53,97,24,68,16,94,78,52,95,17,43,39,38,61,12,13,25,86,63,80,38,63,87,24,76,78,20,91,10,34,65,4,22,12,62,83,43,21,58,69,73,83,93,40,79,80,65,29,62,39,17,79,6,38,7,68,64,59,69,38,65,68,57,19,73,56,52,86,77,27,84,11,47,18,79,79,72,74,59,9,62,70,71,82,83,99,80
44,53,81,93,87,16,41,14,2,55,75,43,80,62,46,94,71,4,41,40,87,60,43,35,93,64,73,53,44,42,33,79,12,97,47,60,68,99,97,9,44,32,73,15,35,64,7,15,30,26,44,88,25,20,28,45,95,70,32,24,23,56,59,10,84,59,44,68,98,68,42,59,84,0,48,65,95,25,1,40,88,79,58,82,74,11,5,85,35,16,30,97,62,13,27,71,96,11,79,79
18,99,15,72,88,92,45,94,28,52,23,37,43,8,96,84,5,74,45,70,13,49,18,76,63,97,78,53,38,5,29,76,10,76,22,11,96,48,92,56,51,43,45,67,68,85,41,2,74,14,53,73,38,8,20,40,30,13,6,84,67,47,79,4,71,21,11,73,93,27,6,88,36,12,92,45,42,11,92,39,20,5,54,9,93,94,54,35,80,93,69,8,73,18,61,40,88,20,74,74
65,6,55,59,75,34,11,64,69,46,86,47,96,29,57,62,15,16,66,30,51,61,0,34,8,78,29,64,70,15,10,16,19,89,27,56,87,44,63,30,47,42,67,1,83,25,78,92,69,17,39,53,61,53,74,41,42,74,32,53,0,53,59,74,6,76,8,45,79,21,52,44,45,73,36,59,5,53,5,63,39,4,89,39,71,64,76,93,13,61,41,11,84,64,80,22,16,2,24,52
82,31,80,31,30,63,89,86,92,66,15,21,88,94,15,44,40,34,26,50,21,27,73,9,41,8,69,9,12,62,31,1,58,84,12,75,12,14,8,82,68,66,10,49,38,71,94,78,92,65,23,72,26,55,62,51,21,22,17,71,21,68,64,68,1,92,89,87,52,90,72,86,43,57,1,69,89,70,25,74,86,13,6,80,28,17,20,43,21,35,19,95,40,13,14,11,24,43,33,31
85,77,16,5,85,85,16,15,97,27,53,32,3,39,86,66,54,90,38,47,98,61,68,37,27,80,27,68,47,9,85,63,97,90,47,27,4,11,98,14,55,53,94,0,98,80,22,40,53,6,17,83,63,82,82,6,54,91,14,45,27,67,57,54,88,81,35,79,65,6,61,30,72,61,78,48,1,4,66,58,63,65,12,33,1,96,58,34,56,44,28,44,26,65,16,71,84,24,81,88
53,61,8,43,39,69,91,53,66,62,78,94,35,59,32,92,77,47,97,66,91,47,42,10,81,71,62,64,9,37,48,53,89,97,18,21,75,65,30,28,9,82,31,2,49,42,91,29,59,37,86,24,54,90,54,68,63,9,12,66,84,63,13,78,41,98,79,32,78,35,58,50,0,74,68,25,2,62,3,1,14,3,83,5,99,74,97,5,27,8,2,90,89,88,80,37,7,41,70,66
15,85,69,27,31,71,35,38,22,73,96,60,44,7,66,75,98,63,7,61,93,7,80,94,24,57,36,19,86,58,57,12,41,91,19,3,19,23,60,26,56,46,14,34,82,75,92,56,79,24,75,4,1,6,59,75,13,39,22,32,89,68,87,30,39,40,18,63,74,64,11,19,29,29,1,63,70,82,80,6,22,79,35,94,38,15,44,74,8,11,54,14,68,81,95,37,92,37,24,72
11,52,79,44,40,53,39,35,50,35,36,84,25,4,9,75,92,13,85,28,6,95,31,84,74,25,64,87,36,0,84,64,91,49,66,0,57,31,19,49,85,3,58,5,74,19,12,94,22,77,62,78,81,33,28,68,18,51,30,55,88,85,93,74,5,13,58,91,92,65,93,73,54,82,92,90,16,97,87,24,99,61,88,15,33,44,70,98,63,83,17,0,45,46,16,94,81,52,78,36
85,35,19,33,59,97,19,97,32,1,26,28,64,67,23,21,21,11,3,11,53,31,2,11,58,53,65,41,73,18,63,60,68,2,39,72,7,18,63,18,19,55,93,69,97,38,85,12,76,0,80,98,7,93,76,82,54,17,64,28,66,88,99,26,74,17,95,74,68,85,36,23,79,68,63,22,15,82,59,34,68,86,24,30,21,76,88,66,29,28,34,52,96,96,10,20,35,22,9,88
43,98,94,81,58,86,59,78,90,9,57,67,88,11,98,17,91,33,67,71,60,61,84,28,51,47,60,71,21,32,45,72,54,90,65,87,65,28,32,54,66,15,67,53,23,12,52,21,68,70,36,53,59,91,50,87,11,73,50,16,53,26,44,20,44,92,71,74,64,99,89,88,48,20,81,56,56,76,85,6,12,18,17,92,6,44,38,42,96,89,27,43,47,82,32,31,36,41,37,40
32,75,66,95,36,63,58,75,9,3,25,41,39,70,69,97,87,41,44,52,6,70,58,64,74,49,50,57,75,63,53,88,59,31,98,36,35,90,66,34,6,97,79,17,94,43,44,38,13,31,21,30,18,13,77,45,5,63,71,10,64,45,86,37,14,11,10,78,62,33,71,22,89,19,34,83,37,69,79,17,26,47,74,4,25,13,18,21,30,61,98,89,48,3,93,27,8,69,19,78
38,18,27,12,36,59,28,4,56,41,1,95,83,53,21,7,34,1,72,29,3,48,68,58,43,63,92,41,47,22,85,59,99,96,0,32,77,51,47,82,92,44,99,2,26,34,44,5,69,85,93,38,17,37,91,80,99,11,3,39,8,42,97,63,79,14,79,14,32,10,56,79,12,78,21,14,17,17,92,23,40,44,56,72,45,96,51,25,30,25,87,54,81,58,88,33,17,22,81,8
79,84,4,66,58,73,71,62,72,64,72,97,85,10,85,35,97,63,12,62,82,98,70,3,72,54,17,19,83,50,28,80,51,71,53,29,1,57,56,2,8,34,89,75,5,36,41,75,2,78,34,73,74,77,71,85,61,66,62,9,30,90,30,34,69,28,5,44,92,97,94,43,79,33,74,86,62,21,78,99,35,89,65,37,7,34,22,3,41,6,74,32,39,65,66,79,56,53,56,27
97,39,73,51,7,32,73,44,80,65,74,48,98,5,39,93,85,89,10,7,77,2,23,80,80,72,32,66,44,97,84,82,62,22,32,71,9,75,9,31,79,56,54,93,27,91,32,63,3,31,33,67,12,8,4,98,54,83,43,13,79,15,33,95,33,30,54,90,40,60,9,62,20,91,99,37,76,22,13,23,31,54,98,64,68,3,90,10,11,94,27,67,56,33,19,79,48,49,72,96
17,2,0,93,35,24,75,71,73,88,96,47,83,63,19,25,38,67,98,42,93,61,0,3,19,28,30,57,42,20,32,24,73,44,89,24,46,58,10,54,5,90,28,98,82,46,82,39,51,95,22,99,91,51,95,75,62,19,21,31,44,30,20,2,79,73,35,17,64,62,61,12,12,91,4,60,61,28,93,77,88,57,85,33,24,51,15,17,47,96,88,78,9,79,79,10,58,38,69,15
18,5,91,51,75,85,12,45,52,99,36,45,80,89,80,34,63,72,97,43,61,27,41,98,77,77,23,19,9,49,51,82,14,9,31,30,17,98,95,27,5,88,42,83,78,7,9,76,27,44,32,87,35,9,0,72,56,2,37,96,96,14,72,46,95,43,35,48,90,59,20,72,29,66,77,89,90,44,7,2,32,60,28,39,97,28,66,80,95,84,72,94,22,39,65,9,87,34,95,53
31,47,37,54,55,55,12,67,9,1,72,22,69,7,78,39,30,22,69,41,68,30,98,68,46,90,3,45,5,62,48,45,18,39,65,66,93,32,82,69,5,86,12,46,64,93,16,29,67,40,10,80,92,71,5,92,16,63,54,69,40,66,25,65,59,91,42,61,99,86,56,18,11,68,92,14,61,46,28,52,77,2,96,37,32,79,83,77,60,28,80,86,38,73,46,68,58,99,19,99
60,88,17,81,95,82,1,24,49,41,71,93,1,2,89,82,11,36,97,45,12,88,46,53,9,27,77,44,34,44,12,56,17,1,53,19,92,55,23,68,54,2,73,65,33,77,38,98,57,37,49,23,94,4,69,34,37,78,98,71,34,48,36,12,0,73,40,53,30,56,53,83,56,40,45,27,78,66,43,93,15,75,35,43,21,98,19,30,47,35,22,67,51,93,49,88,93,40,75,76
54,70,8,20,94,71,47,96,45,87,94,20,20,4,78,11,7,41,53,3,47,90,7,52,21,62,69,68,73,48,90,3,56,69,41,26,94,71,64,83,86,92,59,96,96,97,25,49,49,33,35,48,39,53,10,89,4,37,97,27,46,63,52,4,35,81,72,23,35,83,62,85,20,78,48,66,44,99,4,94,58,41,38,73,4,71,84,87,13,91,43,36,86,64,32,22,12,40,12,65
70,85,95,41,58,3,67,0,11,59,17,68,20,58,57,78,20,27,98,26,42,47,34,36,55,32,69,73,32,29,23,23,80,78,83,18,66,49,91,22,40,63,82,30,83,81,39,70,25,8,30,41,39,70,22,49,72,68,68,86,48,88,16,61,56,28,91,41,93,56,63,21,71,31,12,53,38,18,69,61,40,1,30,95,89,62,25,33,97,36,20,99,88,10,81,84,2,64,72,88
3,84,51,4,18,60,68,36,4,30,27,97,80,68,29,78,73,24,31,40,21,56,43,13,89,51,35,28,60,48,25,55,48,43,62,74,40,86,92,0,70,3,16,84,68,87,7,79,76,52,91,54,23,10,28,62,63,82,64,58,50,26,68,85,80,1,40,13,21,47,26,40,79,1,35,24,67,80,24,57,27,92,73,47,59,78,47,4,38,27,93,64,66,86,89,36,43,7,81,94
29,8,29,20,33,79,80,16,23,98,89,42,2,63,9,63,8,6,44,54,55,10,22,55,68,86,44,93,19,87,74,27,51,26,15,16,42,33,25,7,0,92,7,1,23,43,37,53,66,17,42,7,42,32,21,98,20,8,45,48,35,47,81,64,77,2,1,61,67,82,65,37,65,12,76,27,2,44,33,53,21,83,40,53,88,87,44,51,43,81,9,47,55,70,27,52,47,0,74,34
40,44,93,83,33,98,74,52,4,24,44,98,42,9,35,55,20,74,6,68,44,58,47,81,33,94,17,48,59,38,2,10,29,53,34,89,0,90,20,9,85,29,11,54,39,26,54,93,52,39,16,39,47,8,43,97,21,81,52,99,52,86,0,39,70,70,7,3,88,3,72,92,85,18,26,15,70,79,37,32,93,61,60,49,29,41,20,68,79,66,2,19,85,73,50,3,81,74,73,50
92,95,93,35,21,28,61,91,85,28,48,63,48,36,77,33,7,42,15,97,73,96,65,33,28,47,44,78,94,73,86,29,31,89,81,81,25,64,23,55,59,20,51,61,39,43,94,53,11,29,46,82,90,34,22,85,24,38,54,35,20,65,1,47,87,3,31,88,13,63,23,46,66,24,34,3,2,39,43,15,21,10,35,87,75,92,84,46,29,76,66,57,31,46,8,54,2,90,89,75
97,30,55,80,26,43,26,70,90,91,39,43,69,68,97,7,3,96,36,94,81,9,99,22,98,60,87,65,84,90,72,24,12,56,67,44,51,12,57,54,80,47,80,39,38,95,59,42,93,85,91,49,69,48,2,9,50,73,71,59,2,54,96,51,33,8,54,68,74,69,41,34,23,36,55,37,82,7,40,95,69,77,96,34,35,72,80,94,31,55,93,32,65,50,68,7,98,64,27,31
88,24,44,37,86,18,86,62,78,18,40,27,62,46,44,36,30,44,51,66,32,48,28,60,98,9,12,85,0,46,23,68,46,95,89,7,99,23,54,89,49,33,52,92,93,22,14,30,21,49,43,47,76,1,90,36,4,19,81,22,77,21,53,43,81,97,39,50,48,44,14,54,48,57,54,25,8,27,4,95,13,16,9,31,51,12,26,18,12,93,52,73,99,76,7,44,44,28,43,39
76,6,93,27,98,27,98,13,34,24,49,47,54,40,81,95,94,84,44,45,28,77,78,68,83,28,35,75,94,18,34,2,37,25,43,40,3,42,32,86,17,13,92,13,86,52,91,90,93,77,17,20,75,76,77,46,70,81,6,52,61,20,85,25,6,33,93,46,59,22,79,51,10,15,77,10,41,76,70,28,17,20,83,76,1,98,53,32,5,54,33,21,93,35,29,68,31,79,89,70
50,97,29,74,92,42,84,81,81,82,91,37,43,30,7,6,88,48,62,40,41,3,94,78,70,78,8,17,34,39,12,78,79,24,96,64,65,1,25,64,93,91,1,96,4,54,12,13,31,78,51,72,44,62,73,57,61,23,35,59,65,15,52,19,72,21,32,69,42,42,85,69,95,33,84,3,27,86,27,61,10,10,71,68,78,65,94,56,73,12,62,82,26,47,3,71,97,52,56,30
47,50,8,32,27,19,52,57,72,93,97,90,4,36,44,61,79,59,5,7,1,70,24,95,38,84,76,88,92,68,22,13,62,7,43,38,14,0,50,1,3,11,24,90,11,82,38,72,17,32,20,97,12,52,95,82,62,72,61,76,10,92,12,5,33,57,38,95,89,26,7,28,39,72,2,36,79,66,60,90,70,97,73,66,11,93,55,25,30,96,25,95,12,39,60,83,55,28,94,17
27,23,19,97,50,24,37,95,6,11,93,46,66,29,41,23,76,38,20,48,40,0,49,41,22,27,28,86,92,53,37,72,80,36,45,95,78,86,47,7,68,22,48,92,25,20,1,9,50,84,36,33,46,16,16,99,24,57,45,95,97,6,10,5,75,23,46,4,60,46,5,11,38,31,26,98,63,29,38,16,9,47,30,26,26,27,40,62,7,5,96,80,72,82,34,91,85,88,51,14
31,40,47,46,48,92,79,5,10,79,97,0,72,19,76,59,29,63,47,22,30,84,41,20,11,60,72,79,6,92,8,43,80,84,55,6,27,63,79,11,63,34,56,81,2,33,25,67,89,95,36,60,57,91,22,96,20,62,32,57,42,79,38,68,24,22,70,3,50,89,57,98,21,80,30,56,58,99,30,92,94,54,99,63,48,53,19,24,68,8,14,26,45,30,94,39,47,2,30,30
42,21,18,78,81,51,16,75,49,67,10,96,73,27,87,82,25,13,91,96,21,63,51,42,32,21,73,39,20,9,74,14,25,28,75,87,80,3,23,93,90,76,95,8,25,0,28,39,68,79,8,78,95,37,95,47,70,70,2,92,65,7,66,36,16,8,68,83,35,70,61,24,28,95,94,57,9,64,0,42,82,11,91,67,57,62,23,33,98,12,48,45,34,38,84,40,24,85,78,64
62,41,6,78,8,57,68,31,93,42,45,28,51,19,5,28,18,26,67,13,41,58,53,90,48,34,51,47,94,58,27,23,70,10,83,13,49,1,69,42,13,45,75,18,45,5,59,89,87,79,99,88,84,43,75,75,39,99,84,56,25,26,26,74,0,2,62,10,76,3,42,99,95,44,13,44,64,56,40,93,81,7,21,16,87,21,31,26,55,16,34,70,69,51,18,55,97,76,45,40
16,92,52,20,92,88,85,84,10,97,10,40,42,3,38,52,17,32,87,33,67,35,77,95,72,41,32,44,10,39,79,39,66,10,80,34,6,38,36,35,90,36,88,43,84,31,45,75,59,99,13,92,46,76,24,73,26,53,20,23,28,41,6,29,64,71,83,32,61,42,41,53,67,49,19,99,77,52,51,53,49,77,80,79,64,3,24,96,23,14,40,42,40,4,60,89,61,71,25,75
91,37,56,96,47,17,77,41,86,17,11,20,43,62,82,70,20,26,54,74,35,24,87,73,94,3,74,44,7,75,19,87,69,95,69,72,14,8,42,12,34,71,70,34,3,23,95,96,77,95,21,33,87,37,78,4,0,69,57,73,30,78,3,45,33,66,84,91,25,66,75,24,63,55,43,4,74,29,78,59,59,32,31,85,9,9,45,19,37,4,8,68,98,77,21,85,82,6,4,41
86,32,21,62,70,96,45,58,25,3,27,14,64,51,64,51,95,89,70,0,47,2,32,36,78,96,8,53,84,92,15,93,47,18,75,36,53,61,62,40,26,92,88,6,20,27,32,79,78,63,84,88,94,28,75,2,72,41,80,74,96,53,73,50,95,8,74,14,64,92,6,45,26,67,84,66,85,18,72,10,22,63,90,53,80,24,6,73,30,63,86,52,43,47,44,38,92,89,28,57
7,29,49,2,11,56,22,48,86,86,58,1,40,68,32,71,0,58,48,33,90,81,88,43,75,33,23,61,77,56,55,27,51,78,26,90,78,42,73,85,36,51,86,30,63,16,49,72,72,74,16,23,35,62,71,93,16,22,38,83,32,15,39,82,65,39,4,18,83,69,68,80,19,4,58,52,79,78,26,27,50,38,7,3,53,6,22,99,4,90,12,25,68,47,82,79,15,72,41,50
70,80,59,94,0,21,51,14,37,95,88,6,60,78,17,83,19,59,6,93,13,10,90,37,34,78,92,19,77,42,55,63,98,9,40,76,1,10,86,32,20,15,50,32,48,10,97,79,56,48,10,65,8,61,48,85,74,2,25,40,87,93,15,70,4,58,67,6,47,19,26,48,98,44,51,15,66,99,65,50,71,64,17,88,41,34,49,61,4,32,68,11,92,42,89,85,39,77,0,4
47,73,36,25,7,97,89,25,82,42,71,21,36,61,37,47,79,0,39,27,84,90,86,11,7,6,97,65,66,23,9,42,33,99,86,29,23,7,36,27,59,75,73,46,98,43,10,55,41,65,8,7,65,51,88,85,65,81,1,96,44,18,7,62,37,24,63,71,83,21,95,19,34,46,87,88,83,13,89,67,57,0,41,63,90,28,31,86,0,63,54,82,6,61,89,68,22,28,38,92
35,98,31,64,52,41,71,93,87,75,97,69,77,86,49,76,6,14,18,7,53,45,68,98,75,20,31,6,18,88,91,64,80,77,95,2,25,7,79,42,24,55,22,34,53,12,91,74,87,54,36,94,3,10,39,38,99,27,91,1,20,8,69,22,32,13,51,12,33,46,16,90,54,99,59,14,80,12,51,56,12,45,54,94,20,55,5,91,24,3,66,23,40,53,58,86,8,36,3,67
26,74,98,31,93,44,82,48,54,64,77,98,77,19,37,14,74,58,33,61,73,89,61,21,12,8,94,36,87,31,11,10,29,73,62,62,70,3,47,55,22,39,67,57,69,6,72,48,5,17,84,5,24,93,79,91,69,11,79,67,10,67,52,80,25,72,22,44,13,79,25,81,40,84,10,74,2,74,83,48,48,36,12,84,6,12,44,39,80,40,7,56,55,95,40,22,40,85,97,76
46,0,28,28,16,86,39,75,57,19,47,58,49,7,70,34,86,18,83,26,86,53,60,99,89,38,55,0,59,4,77,95,28,59,81,43,57,14,47,76,39,53,56,47,32,46,58,38,96,45,47,59,26,2,52,80,74,63,57,5,58,95,59,53,80,68,54,68,55,11,34,33,65,48,55,9,6,70,62,94,23,0,16,56,33,26,43,24,11,60,96,17,65,91,90,91,73,89,72,11
95,17,68,88,82,48,49,97,5,6,97,89,75,88,58,4,10,20,87,4,53,28,90,95,51,46,29,10,99,9,68,8,19,81,82,4,45,43,53,48,1,44,94,65,70,50,43,42,29,54,21,24,32,64,62,57,0,6,96,58,42,27,23,54,61,71,7,82,45,71,34,58,30,52,19,25,21,35,24,31,53,19,28,90,31,30,15,72,22,53,4,85,22,33,97,42,15,44,65,70
42,62,16,72,67,9,0,26,85,99,92,57,94,70,42,53,15,60,67,16,78,13,6,57,93,11,32,25,53,62,89,57,44,17,79,5,12,44,71,74,64,26,45,58,62,93,96,20,57,21,38,20,47,65,17,39,5,30,12,56,34,62,38,42,78,31,13,98,5,53,47,72,0,42,0,96,19,33,82,34,53,14,20,17,42,41,54,92,94,81,1,94,79,37,76,52,23,79,82,64
1,86,91,94,32,80,54,59,92,64,25,40,64,47,33,63,62,53,51,25,49,26,49,67,2,82,77,37,50,51,75,68,58,30,60,70,35,0,44,8,32,95,29,80,99,75,49,5,35,93,79,92,21,28,67,23,3,13,85,11,62,53,52,71,62,31,84,99,70,59,30,6,45,72,41,1,54,58,42,8,61,97,29,69,33,95,37,26,38,96,28,80,36,45,89,75,42,55,45,49
30,43,75,32,95,1,71,10,36,23,14,95,27,89,1,6,57,53,52,29,58,47,7,44,26,78,3,71,14,43,17,85,10,25,4,14,45,12,81,71,52,19,42,60,72,16,56,76,37,16,28,50,89,29,20,19,24,98,0,70,30,5,10,28,83,67,89,66,43,52,7,48,2,85,14,80,65,87,76,30,43,33,38,95,73,33,27,59,25,3,56,59,76,65,4,39,55,9,27,56
93,58,52,86,6,91,16,15,16,73,84,76,28,85,39,53,40,56,56,78,71,84,98,4,92,72,59,97,75,92,86,21,76,52,99,99,98,52,81,29,83,72,6,48,84,84,24,22,57,58,66,28,99,55,38,7,55,90,78,5,42,13,65,52,75,75,88,89,33,41,28,90,95,17,0,36,46,21,89,18,33,15,81,32,22,95,96,11,18,60,67,54,19,99,34,88,56,87,28,28
40,15,43,43,22,37,70,58,69,88,56,39,55,21,97,1,50,84,55,29,65,61,96,39,50,4,36,47,95,32,63,52,34,20,37,28,99,47,70,73,49,36,74,15,6,19,4,51,55,84,66,5,61,8,33,75,23,64,4,5,50,98,59,80,38,63,72,73,73,33,98,66,97,68,48,13,88,78,86,67,47,53,21,31,75,43,77,16,51,45,70,1,34,31,52,99,61,65,51,17
90,47,96,87,32,25,43,41,29,40,56,40,27,39,22,30,33,17,17,38,8,48,80,10,60,54,96,13,50,69,31,49,1,92,69,9,56,72,82,43,47,80,85,6,59,13,35,53,50,90,43,28,70,24,59,61,7,61,95,50,15,46,60,16,82,23,65,71,26,29,94,22,53,79,29,17,19,0,2,14,4,77,36,22,10,71,0,0,9,0,68,26,87,64,72,56,48,2,24,92
31,78,56,33,96,44,27,67,51,20,46,37,28,83,25,64,61,3,74,6,32,11,81,26,78,76,56,14,69,95,57,91,7,28,92,59,90,21,71,6,57,32,34,51,84,47,96,69,21,60,21,80,94,77,29,95,90,67,33,33,60,75,36,41,66,64,69,26,89,16,18,42,92,92,33,60,50,23,89,88,58,11,66,57,52,45,10,43,39,97,84,50,5,83,47,85,85,58,29,19
97,1,20,86,48,59,53,39,62,12,10,12,10,90,64,81,83,40,75,83,61,8,92,69,82,17,6,35,95,29,30,90,48,23,12,53,36,34,50,71,61,61,67,88,1,7,73,9,80,43,86,40,36,22,65,84,42,90,59,83,58,25,73,85,2,17,5,30,38,68,82,48,67,76,84,9,89,26,85,4,95,42,58,65,34,26,9,15,27,0,82,44,80,14,28,63,72,89,64,45
56,16,49,40,29,38,85,68,91,64,27,50,87,32,83,56,49,29,74,86,86,69,64,17,35,39,12,42,55,5,7,45,44,11,48,25,4,83,47,94,74,19,46,7,67,41,42,2,63,66,56,68,88,53,84,79,30,97,34,36,20,94,94,60,98,48,58,59,35,27,10,63,31,61,79,9,9,41,19,44,88,26,53,29,85,31,55,36,67,87,77,75,81,65,32,60,31,43,20,76
15,74,34,5,94,66,7,18,55,48,62,6,44,98,68,5,34,41,41,69,86,68,28,65,39,67,10,12,73,94,33,18,54,96,22,64,9,68,18,36,21,88,18,39,32,90,65,42,73,41,93,1,67,73,7,33,90,49,0,53,50,45,94,35,75,28,90,87,14,99,78,37,75,70,80,14,63,61,78,76,24,56,58,45,48,90,69,71,63,39,15,44,7,82,9,8,54,65,15,27
2,72,32,5,43,92,7,93,20,83,51,90,65,6,90,0,22,50,24,78,60,35,26,64,22,70,17,45,97,80,40,30,67,65,89,83,65,21,15,38,45,27,83,60,50,64,48,62,44,51,90,33,0,76,3,90,20,69,64,21,12,54,31,24,40,63,39,11,37,1,49,5,46,44,61,67,18,20,21,83,58,7,3,42,8,47,43,22,54,27,9,41,92,24,82,34,26,45,11,8
16,0,56,65,46,52,8,55,97,63,38,6,96,19,52,67,98,97,93,48,48,87,72,25,72,55,75,82,62,37,75,81,5,5,92,35,27,29,0,63,67,91,49,21,32,13,94,43,55,78,41,23,0,83,72,73,60,25,5,36,49,61,99,17,43,71,5,69,76,65,86,76,87,0,58,28,81,27,97,14,48,80,0,29,76,29,81,15,18,36,36,19,69,91,66,48,99,28,67,20
36,96,26,60,93,96,89,79,57,24,97,55,16,95,35,40,21,35,79,6,6,49,86,2,15,2,57,33,69,11,92,53,49,53,31,98,97,59,25,63,16,91,70,74,11,69,86,46,10,68,91,37,27,81,19,94,5,42,11,74,53,12,13,19,2,98,0,61,81,61,87,8,99,95,66,65,86,72,0,48,70,6,76,4,43,31,10,92,86,26,67,34,8,72,49,16,69,31,96,77
49,74,61,45,74,19,50,58,77,12,60,32,26,19,98,76,37,31,36,40,82,99,43,53,66,98,98,59,96,61,61,30,97,73,36,44,47,52,1,78,66,16,19,24,75,38,51,96,65,51,80,83,54,23,20,77,47,47,84,25,91,54,14,70,35,42,90,89,66,9,73,92,55,94,80,45,41,52,27,36,7,88,17,56,69,59,24,79,62,79,54,86,51,44,55,46,89,73,26,71
13,0,62,98,94,50,95,31,90,53,59,44,84,89,49,84,60,32,85,84,36,94,29,90,88,4,0,56,14,48,95,92,13,50,88,41,60,56,48,25,90,26,85,66,1,61,83,30,93,6,87,10,98,39,77,61,46,91,93,92,66,20,20,16,16,74,40,54,67,99,96,35,34,88,27,35,98,70,3,45,64,17,38,20,96,4,56,77,64,34,92,64,98,53,63,65,32,37,80,95
41,53,84,98,14,18,23,75,63,84,66,87,98,91,76,65,40,48,36,11,0,90,38,9,34,88,56,63,92,95,86,55,18,95,46,18,58,10,14,67,40,32,19,30,15,63,60,30,64,53,26,24,64,90,50,88,61,92,19,58,77,13,43,23,47,11,58,25,75,48,39,93,83,41,88,96,21,24,70,84,90,77,99,61,72,47,62,44,90,97,12,45,91,19,85,18,95,74,60,83
10,88,58,74,49,78,85,13,23,63,30,91,63,83,2,93,95,68,92,27,69,50,37,82,44,38,20,31,52,32,15,58,35,74,48,75,9,93,39,27,19,76,24,82,14,0,47,22,1,4,97,39,70,75,72,66,59,92,50,95,79,36,79,2,58,77,67,20,10,55,54,66,49,58,27,23,83,40,50,87,43,78,21,51,16,40,33,25,47,56,94,32,25,58,14,11,92,79,47,89
95,81,93,61,48,87,69,39,85,72,23,97,67,36,18,20,52,63,87,18,19,85,83,96,93,54,76,17,70,19,64,73,61,2,94,37,72,85,78,92,62,51,19,97,62,23,8,59,14,70,97,51,39,35,66,94,2,53,89,35,91,54,5,61,20,80,61,35,68,9,41,31,98,85,35,47,97,5,9,81,8,82,63,24,90,20,19,80,43,93,35,67,99,80,20,6,62,72,61,30
21,1,71,40,65,6,56,58,5,49,43,28,48,51,97,82,4,38,70,21,18,63,3,73,89,90,31,61,80,52,98,35,9,61,10,46,92,7,26,43,25,59,6,55,48,34,47,1,80,81,34,92,44,23,26,17,68,82,44,87,21,76,90,68,50,27,50,33,28,57,20,57,78,79,8,51,66,4,51,60,43,18,82,47,54,26,95,15,45,16,80,45,44,36,42,58,11,94,50,15
88,49,6,34,57,71,6,50,92,10,99,69,65,89,80,20,56,81,57,29,35,99,13,10,56,5,5,26,33,54,98,79,76,44,27,74,36,99,95,44,69,99,26,50,62,90,60,13,10,14,36,20,73,54,80,61,12,20,33,50,24,42,89,62,49,2,28,58,79,18,21,45,32,18,57,80,16,2,75,4,93,98,90,87,43,33,10,33,93,46,39,39,20,98,57,41,1,32,49,55
43,73,21,79,84,34,67,56,93,25,66,35,60,10,92,40,48,88,14,60,16,98,84,95,3,54,14,28,12,22,30,5,77,21,37,70,38,9,66,95,55,18,6,84,38,89,99,94,76,38,75,80,94,31,70,2,43,32,96,98,25,39,8,77,27,87,99,64,41,98,46,58,15,94,81,25,85,56,86,33,20,35,58,70,85,53,48,96,64,77,61,60,95,27,29,34,36,44,92,72
43,29,38,13,45,86,78,73,42,85,29,11,94,68,70,12,17,64,92,56,44,26,7,73,43,16,85,26,31,60,90,30,60,78,17,14,96,43,39,43,94,54,73,96,41,25,8,69,2,92,8,49,27,24,84,75,77,54,2,53,36,96,87,36,28,53,42,66,75,42,30,81,72,15,0,3,73,40,82,82,95,69,47,13,29,85,1,87,27,53,11,62,72,70,50,42,35,70,0,26
22,37,85,87,34,21,14,75,46,96,82,74,25,3,76,20,58,92,10,1,46,83,56,3,27,95,43,85,48,71,80,53,85,83,29,70,87,28,23,77,51,52,39,82,44,96,95,34,14,48,77,21,28,49,17,51,53,34,53,67,73,65,5,67,39,94,82,77,40,58,13,76,74,16,89,54,15,3,64,70,2,77,31,94,36,51,17,90,17,3,44,67,26,39,56,63,82,95,82,17
34,94,85,99,72,67,97,28,1,53,19,37,41,38,42,56,3,93,76,38,3,7,97,16,25,69,10,66,82,74,86,61,12,63,68,88,81,81,26,0,50,97,1,79,89,12,44,46,21,2,82,86,26,37,56,48,40,2,66,18,75,84,24,4,44,57,86,69,14,45,95,60,35,73,6,58,70,19,47,39,96,32,8,44,56,18,57,27,47,95,18,67,38,13,81,97,96,99,21,24
76,97,44,74,75,79,90,29,14,58,89,55,43,89,45,90,85,99,26,5,4,41,97,49,2,82,46,39,45,25,13,98,32,87,60,18,35,81,32,34,42,57,72,61,82,5,72,85,62,6,68,13,54,73,2,25,6,60,22,13,81,76,43,67,20,36,4,40,27,14,25,40,73,15,90,44,89,5,57,49,23,1,82,91,57,33,5,29,5,86,73,44,33,92,10,76,37,97,43,89
32,7,18,50,81,54,96,91,93,77,81,28,87,38,75,81,22,33,2,48,99,82,30,27,29,88,29,74,6,97,97,7,0,8,33,48,86,8,43,83,63,35,11,62,27,51,74,25,56,54,3,73,55,34,79,3,98,39,23,31,84,81,15,31,19,60,42,37,58,54,78,59,10,84,91,90,0,32,8,7,43,51,82,83,60,5,80,34,86,2,79,14,11,99,67,84,15,70,42,67
43,17,60,21,91,81,14,42,72,78,56,23,64,53,60,65,6,23,81,72,54,75,24,86,0,72,55,89,54,57,58,72,73,21,20,80,83,88,70,34,30,85,34,56,35,75,49,46,35,0,23,31,6,40,49,14,95,19,74,5,74,45,95,73,21,67,50,7,15,16,63,69,62,20,9,77,62,77,2,32,90,46,29,5,57,21,65,57,81,98,67,14,33,15,49,60,58,28,34,26
3,1,60,73,24,59,43,41,97,87,32,22,47,84,35,66,51,25,42,15,50,59,16,89,70,79,14,9,51,72,28,66,88,73,56,17,24,20,97,9,4,37,18,59,51,31,24,71,90,52,82,69,36,21,62,92,34,4,0,82,75,49,13,25,0,70,97,96,36,57,8,56,34,10,21,85,32,26,81,66,97,42,66,37,89,5,34,16,61,28,95,37,40,50,21,0,34,1,8,38
82,26,51,32,27,51,55,96,16,99,18,73,12,90,12,31,33,51,80,83,34,78,30,83,86,49,99,51,59,6,78,28,11,97,51,17,1,54,98,88,59,38,32,17,15,55,90,81,42,54,23,27,70,30,80,58,3,19,7,46,51,18,77,85,38,47,1,29,15,42,45,44,31,99,35,67,38,22,68,41,5,58,60,59,79,20,68,93,95,46,58,44,46,90,89,83,52,18,77,12
20,99,23,8,65,80,65,61,45,23,95,53,44,84,58,21,44,66,85,17,91,88,64,20,43,10,98,9,12,3,81,91,67,18,54,99,39,69,2,70,56,72,1,40,31,28,56,56,96,73,0,97,46,58,12,57,55,52,36,42,5,44,24,25,13,80,90,51,98,62,13,4,64,14,7,25,84,99,38,34,57,78,49,37,43,19,34,62,47,0,0,13,93,8,34,76,76,21,77,6
25,12,40,67,32,28,33,25,88,10,30,90,26,76,53,98,36,69,85,24,37,43,88,58,5,17,66,55,59,16,17,11,48,49,55,7,20,88,97,69,3,28,59,24,99,45,10,62,9,78,30,26,78,91,38,94,61,56,99,26,80,6,78,41,18,48,53,6,41,5,26,2,28,77,21,20,87,3,4,95,67,26,51,83,22,8,47,48,61,94,84,61,68,94,1,63,33,45,55,42
