90,52,33,99,64,11,56,69,77,10,77,12,38,86,55,81,43,84,46,2,60,54,70,5,89,6,33,42,93,44,64,16,39,81,17,23,86,92,89,87,66,70,5,75,80,87,95,11,93,64,21,8,63,38,65,78,99,59,94,69,82,18,22,38,20,13,9,14,47,42,72,53,11,66,60,70,46,64,96,75,58,14,75,20,40,90,42,29,75,9,27,21,32,79,54,77,64,7,93,25
31,65,84,66,24,87,46,88,9,4,18,6,5,13,92,33,17,20,27,15,74,79,41,67,19,16,82,69,32,34,73,3,42,89,38,41,50,70,55,67,89,98,69,5,87,59,22,80,59,2,24,48,51,97,33,20,79,78,3,83,44,91,69,31,78,35,12,65,76,1,9,6,92,23,81,63,73,67,50,88,29,87,57,86,15,15,32,50,30,30,27,81,99,64,6,8,11,79,65,99
12,6,0,99,31,62,76,25,49,60,18,96,38,20,87,71,35,95,4,24,47,88,42,71,98,20,84,24,16,23,18,85,10,17,87,14,34,50,76,63,18,69,75,99,26,67,15,81,60,10,73,89,49,38,0,16,23,37,83,4,60,32,44,54,5,50,98,72,67,81,23,80,45,18,59,34,85,4,66,49,90,30,50,67,1,18,80,60,67,75,40,84,91,59,34,56,43,74,50,28
99,55,36,17,14,89,22,16,69,66,27,74,64,56,4,7,4,87,69,51,91,40,78,67,40,33,33,54,30,89,74,81,69,46,28,41,87,40,35,88,29,13,3,8,40,98,70,63,94,58,56,8,40,22,52,62,73,2,79,0,76,52,80,1,88,87,36,94,56,35,23,50,71,12,32,23,88,14,48,84,50,95,50,86,90,91,3,2,33,79,11,37,54,40,26,51,94,68,67,64
0,47,51,28,93,63,56,90,21,1,60,1,13,71,42,88,14,71,62,56,32,52,40,9,69,59,74,81,3,86,9,81,97,56,5,73,88,84,53,71,2,13,4,30,10,64,78,6,57,91,7,60,24,87,14,87,9,67,80,85,72,91,49,15,68,25,69,5,82,12,16,64,54,34,79,88,99,37,55,77,51,46,38,22,56,21,47,34,49,21,18,22,62,28,40,66,26,91,99,22
77,78,61,10,16,88,90,47,47,71,41,41,60,68,33,53,9,75,66,94,75,92,1,28,79,14,20,94,47,99,25,18,50,29,29,44,58,81,87,88,92,32,46,95,62,62,53,12,32,51,40,63,14,68,37,34,61,48,9,95,29,41,82,63,78,63,8,11,52,86,27,31,2,67,24,28,49,89,35,82,61,24,81,48,93,31,31,68,26,43,35,44,33,57,13,12,54,74,64,28
98,93,22,63,65,74,12,71,71,12,40,78,63,32,22,92,71,45,6,50,26,91,15,31,71,13,73,89,22,47,85,63,56,31,41,33,81,91,1,9,63,71,84,88,52,25,12,86,52,3,66,85,72,60,74,38,72,97,57,65,98,66,38,58,22,38,64,61,7,72,23,45,93,54,33,59,10,36,42,27,67,34,45,6,93,86,82,9,23,57,62,66,14,8,19,67,24,86,17,22
25,67,19,97,49,66,29,13,91,98,35,69,47,29,39,32,84,55,42,34,47,20,98,35,89,23,7,70,81,52,73,54,37,22,50,68,67,66,98,67,75,12,20,80,99,52,50,58,95,56,47,11,92,70,0,94,82,41,44,75,96,67,87,28,34,97,24,44,30,38,46,36,46,97,5,35,50,4,99,20,39,58,19,12,3,56,63,51,16,78,66,9,61,97,15,60,99,97,91,70
5,55,96,11,83,35,51,73,36,12,88,69,2,98,15,21,93,17,80,0,44,58,38,71,52,96,86,91,34,30,16,75,48,54,20,36,89,95,3,57,95,93,31,71,90,35,2,68,90,49,44,86,16,68,83,65,33,24,52,41,51,25,9,15,11,75,70,36,40,95,27,85,41,66,59,90,34,60,86,39,30,32,55,96,92,64,56,40,18,37,40,48,69,71,35,65,93,69,25,91
76,65,25,90,76,1,49,99,62,48,25,40,38,74,4,86,32,42,80,54,75,10,55,72,24,4,67,73,3,10,26,66,51,65,55,92,96,61,82,48,23,96,48,11,35,26,75,59,33,34,27,66,92,97,18,45,65,66,56,33,37,3,14,91,52,0,11,81,9,74,75,17,99,2,40,38,88,78,22,91,69,79,60,25,76,73,86,47,47,23,21,19,47,86,67,24,84,14,22,47
97,5,6,76,27,40,97,71,83,84,7,97,0,66,82,87,49,68,1,49,74,31,99,47,60,28,86,34,4,78,20,11,64,36,97,88,9,29,68,88,89,36,14,56,30,59,4,41,99,90,22,51,41,75,76,28,30,14,0,90,49,2,47,44,10,94,45,11,94,2,75,52,15,70,85,82,24,34,99,0,36,28,31,26,27,67,48,60,47,43,81,3,89,69,8,24,30,16,3,85
32,79,2,95,67,13,55,51,52,8,89,21,27,92,18,69,66,50,54,7,20,45,5,21,8,85,47,47,19,51,25,11,65,4,25,66,27,79,30,79,42,23,34,63,20,91,51,33,37,12,25,99,34,70,99,84,1,41,31,7,0,79,40,7,79,13,62,58,55,46,2,99,60,24,74,29,40,83,56,3,37,15,17,3,72,8,0,89,60,6,64,47,37,54,7,69,72,86,6,57
80,50,91,65,71,54,58,13,81,23,62,16,42,4,79,91,83,59,91,10,92,63,22,98,22,25,65,8,89,86,79,77,69,71,92,27,59,33,69,66,84,12,81,24,55,93,62,9,1,59,73,30,13,18,20,9,9,98,9,57,89,55,8,33,95,37,54,94,38,35,81,5,93,19,48,8,83,23,90,91,16,66,66,31,74,51,5,41,67,33,34,79,75,33,47,85,49,34,2,24
18,84,84,18,68,91,89,13,3,95,87,97,88,13,13,84,18,75,82,7,51,50,13,18,91,62,21,93,92,39,52,34,88,83,23,92,8,31,66,4,8,99,5,51,21,64,36,19,57,13,0,33,83,70,73,81,88,0,69,33,46,75,2,78,41,47,40,47,97,85,55,99,70,46,24,12,79,98,86,25,29,52,38,19,58,32,67,36,42,26,99,85,69,79,44,38,36,76,61,47
30,52,1,92,38,41,24,51,18,76,4,0,2,26,2,98,33,59,49,53,32,49,44,69,78,66,58,19,0,53,76,65,19,10,68,1,26,7,48,26,4,63,9,67,57,56,94,45,12,9,87,21,23,22,61,65,88,33,45,72,52,2,83,67,15,13,68,46,63,91,24,37,53,32,83,12,90,14,16,51,16,35,43,0,32,39,56,52,96,28,27,17,81,79,45,80,10,5,97,78
80,13,57,75,32,52,31,97,57,79,75,32,31,73,96,0,13,33,20,14,28,9,99,27,24,84,90,15,54,4,33,98,33,59,4,50,86,3,54,3,67,13,95,58,15,41,2,51,1,0,0,35,87,2,28,16,69,18,79,40,62,75,25,50,89,78,35,26,49,79,16,56,32,72,56,33,97,68,12,44,15,31,81,62,65,36,76,17,21,68,33,87,13,92,12,62,64,58,50,5
43,44,9,35,57,39,54,41,64,55,78,73,22,81,99,23,7,44,42,56,26,56,48,79,79,61,20,64,79,81,15,81,8,87,38,76,95,78,66,63,20,70,5,68,94,65,50,48,65,71,74,33,83,41,2,2,16,55,89,95,74,68,79,44,6,74,23,6,61,52,71,24,39,76,60,58,94,48,10,74,94,70,29,34,40,17,66,42,34,93,53,16,45,31,77,28,9,39,86,99
6,10,14,46,9,14,30,86,41,50,30,58,32,78,6,47,92,2,77,84,98,66,4,67,71,84,14,11,36,66,22,11,15,20,18,10,67,79,46,95,45,5,20,93,12,41,98,74,78,76,57,84,89,18,50,98,32,17,32,60,3,61,82,29,52,55,91,75,73,78,3,58,5,7,78,3,76,12,77,27,89,85,18,96,87,41,74,84,99,69,5,45,64,65,69,55,14,1,38,9
26,17,71,60,70,38,83,13,3,51,67,34,36,24,43,66,54,91,5,97,81,75,95,78,33,36,58,3,87,32,11,39,20,8,94,60,91,81,35,36,24,19,60,20,16,74,78,90,66,17,22,86,92,61,9,52,94,73,44,94,48,40,90,67,88,77,2,66,42,2,7,13,97,71,67,40,43,61,72,73,62,22,68,38,30,87,7,36,93,32,91,67,89,38,37,2,67,72,19,32
98,89,69,21,28,17,13,98,41,2,48,12,75,87,26,54,72,25,79,50,66,82,31,65,24,72,20,61,66,56,41,0,84,1,78,95,89,99,28,5,79,97,19,57,73,48,5,11,10,35,76,8,84,57,25,30,50,44,20,26,75,29,2,65,26,6,26,62,2,34,58,63,42,92,20,22,63,79,47,79,80,16,51,39,36,27,74,30,10,21,17,3,59,4,69,54,97,52,6,52
72,6,82,0,75,80,21,60,16,2,5,1,80,99,8,87,38,95,57,3,97,56,38,67,22,4,97,23,26,34,57,9,60,42,59,32,44,1,90,69,79,3,37,80,16,82,1,10,4,8,51,79,66,95,22,82,57,44,24,0,1,25,31,64,61,12,79,9,0,74,20,31,50,94,61,59,64,73,42,2,37,0,33,64,94,96,59,89,99,80,24,94,88,86,36,80,70,34,77,97
64,72,45,97,54,97,13,99,0,45,95,27,21,44,3,54,22,91,51,45,92,97,99,69,69,67,16,22,15,81,17,99,27,38,49,71,37,51,93,15,23,86,33,33,19,60,23,79,70,18,58,12,79,35,97,35,58,89,87,64,29,22,4,97,6,92,70,29,42,93,44,88,49,58,75,8,19,90,61,11,8,12,34,88,68,40,45,12,38,73,93,30,24,13,0,53,23,12,26,20
40,65,39,48,68,60,95,0,10,58,53,1,50,97,42,69,26,24,17,29,97,20,82,63,54,56,95,94,47,8,44,39,45,91,99,25,27,73,10,86,41,8,99,98,45,28,51,22,52,74,35,67,98,42,55,33,53,78,6,85,32,47,83,68,46,66,62,49,62,26,29,77,64,17,30,52,28,47,88,44,19,15,14,25,94,88,80,34,35,64,2,21,30,74,40,27,46,61,94,18
47,99,85,70,29,88,69,0,18,75,99,52,47,25,60,80,38,95,73,94,7,59,47,43,0,73,72,86,3,91,94,0,75,12,5,13,48,89,50,36,90,94,61,56,20,35,15,62,54,48,99,48,88,93,22,8,95,29,32,37,29,89,4,95,90,10,44,76,86,92,29,24,8,2,44,48,32,13,92,83,44,76,75,56,45,4,55,36,8,65,68,15,26,76,40,94,20,78,0,51
89,94,44,24,73,58,71,54,93,34,41,95,28,88,44,74,45,68,48,87,52,66,64,64,40,11,78,31,85,43,26,87,36,77,46,59,37,56,85,49,43,55,72,23,49,5,48,34,47,66,36,71,56,93,9,79,22,27,41,92,90,9,52,89,47,83,11,85,72,7,67,54,18,25,16,9,42,13,52,73,73,53,8,64,16,27,34,82,90,79,97,58,92,65,51,75,83,31,22,80
84,15,73,34,75,10,96,20,35,41,10,71,82,8,11,45,86,32,74,44,50,12,25,49,68,84,33,70,67,91,6,31,2,77,14,28,97,39,58,15,41,22,65,84,54,34,62,89,54,73,7,5,68,99,81,25,59,90,35,72,28,82,83,34,5,23,98,76,85,5,21,83,49,40,36,8,48,69,14,44,35,52,57,28,89,82,68,12,16,86,63,99,63,93,37,53,25,96,95,8
66,39,85,63,87,51,20,85,23,78,50,27,43,67,50,87,35,55,38,77,83,9,6,91,20,1,90,84,7,28,68,93,40,87,28,85,59,30,33,99,99,82,48,14,32,25,22,42,78,12,55,60,19,58,54,81,26,39,73,64,84,33,26,6,32,51,53,19,74,62,55,7,16,83,83,30,88,21,50,99,38,94,16,85,18,7,40,33,5,63,78,56,47,1,21,36,61,29,24,70
61,42,49,15,18,35,32,52,31,27,49,26,87,72,84,78,98,61,82,45,96,12,54,75,99,18,19,94,64,62,62,31,2,11,30,86,6,81,36,95,24,44,69,50,26,90,86,76,74,1,94,32,49,29,56,97,1,12,54,65,2,43,49,24,53,21,85,19,86,84,47,25,48,18,6,57,97,58,49,16,98,89,21,90,51,7,12,46,50,21,87,95,67,25,15,2,11,88,58,11
8,53,64,34,53,82,79,65,93,60,57,28,89,30,8,14,18,40,31,45,22,56,24,71,19,81,27,30,5,66,79,35,99,71,62,86,96,96,86,93,89,89,91,84,90,83,46,43,0,65,66,90,90,52,99,94,85,2,69,50,17,27,90,95,39,1,7,96,86,26,92,90,14,37,53,67,25,49,36,0,80,98,93,12,94,74,29,98,96,54,19,7,21,55,72,62,34,89,7,69
32,63,3,40,47,33,2,29,90,17,21,11,7,11,83,61,12,71,85,83,62,73,38,58,66,29,47,77,93,0,76,12,91,36,87,48,64,25,28,57,64,52,80,34,60,12,69,6,69,41,34,69,10,1,40,73,16,3,45,0,55,18,82,75,95,59,76,28,44,86,17,14,24,4,46,86,65,11,8,17,27,3,96,34,87,75,52,71,58,21,98,0,5,54,72,71,72,65,6,91
83,5,13,18,34,28,77,40,42,97,41,47,39,45,78,18,16,95,91,87,52,4,51,26,55,27,91,78,5,29,29,43,44,43,81,48,39,96,74,91,65,99,13,62,63,56,77,25,64,94,97,88,1,75,93,82,91,45,11,88,73,64,72,13,22,92,57,65,57,88,49,15,36,4,70,72,63,10,74,14,74,62,42,79,9,82,84,48,81,21,85,36,52,95,43,3,36,40,16,46
36,3,90,96,31,43,41,31,46,54,24,6,89,33,48,14,97,29,71,33,0,12,37,30,2,7,8,81,55,74,17,33,38,99,43,52,26,49,67,6,89,28,72,8,93,40,68,60,46,6,43,68,69,35,62,30,39,84,87,78,32,81,20,59,11,61,3,84,69,6,90,1,61,24,51,25,46,96,34,89,61,21,66,49,16,72,67,79,3,25,8,15,81,89,1,97,62,23,24,92
4,8,4,42,42,95,23,36,37,95,63,90,64,25,15,87,68,34,26,4,49,1,42,50,80,9,32,3,44,83,34,97,97,77,63,97,98,24,4,31,75,46,96,34,58,75,51,12,85,34,38,41,12,93,86,79,97,71,72,58,49,76,24,66,41,97,81,38,85,31,50,9,48,82,86,13,61,96,55,59,82,52,35,71,67,75,19,63,65,82,69,35,86,74,76,42,4,84,2,14
46,80,76,29,87,12,25,40,88,53,30,80,30,18,85,51,40,10,9,74,90,43,45,40,16,18,54,31,33,62,97,8,56,82,34,90,17,83,80,18,66,12,54,36,7,69,48,92,11,82,77,43,35,97,91,60,40,21,84,61,70,42,51,47,68,33,58,85,58,3,26,2,90,95,98,53,47,33,99,37,84,17,49,47,85,85,70,73,2,79,89,12,73,15,35,17,59,69,16,71
88,0,65,59,82,77,31,14,63,47,17,22,26,69,29,84,68,29,15,3,74,89,7,22,83,10,22,22,30,61,90,60,40,24,16,34,40,90,78,37,90,79,20,74,20,31,19,32,31,70,64,91,49,83,41,97,47,30,44,21,79,67,92,84,63,95,30,40,5,62,90,94,53,45,72,44,86,61,67,33,62,86,86,24,47,11,48,82,87,72,11,91,24,73,93,75,86,87,45,21
88,13,21,38,25,26,57,16,85,65,21,52,46,8,96,86,27,58,22,18,22,38,84,63,45,55,23,30,48,56,72,19,56,4,18,94,48,36,49,8,86,59,32,91,71,28,53,91,82,11,76,2,21,40,77,12,13,92,48,51,57,89,44,96,74,81,63,27,67,2,68,82,56,51,12,72,2,53,38,24,56,85,62,45,32,10,19,56,48,85,25,20,10,20,96,53,65,98,96,30
40,9,99,13,10,75,10,3,72,94,98,71,86,81,87,26,36,26,54,43,6,37,43,66,30,63,36,27,86,98,75,69,36,22,44,70,46,35,37,76,32,20,54,96,78,53,77,89,9,85,5,60,96,88,11,19,58,23,35,13,25,10,70,38,81,61,26,0,21,29,83,73,57,91,10,12,90,75,83,48,59,58,46,58,3,83,89,38,86,88,6,9,49,19,65,60,15,54,16,26
86,42,48,89,26,46,33,68,56,12,74,50,95,63,83,38,18,75,85,48,24,17,26,19,24,25,45,83,26,52,91,62,22,64,61,30,3,3,88,30,1,5,81,17,89,57,95,11,26,87,80,8,93,58,26,17,35,86,99,43,49,79,92,37,78,97,13,84,98,67,53,83,49,21,85,35,9,74,95,68,33,45,63,81,41,73,10,37,21,3,31,1,18,14,10,95,12,69,16,62
83,36,97,84,9,14,15,84,38,9,39,60,78,63,74,33,70,93,96,82,3,97,76,88,88,56,78,82,1,13,34,63,74,36,46,7,69,22,93,33,24,35,31,13,1,83,84,20,0,80,36,61,92,89,55,2,53,70,68,70,51,1,71,18,92,61,13,5,36,95,47,50,62,49,38,59,44,91,86,76,91,83,27,59,62,52,7,86,66,39,37,35,90,3,3,5,62,20,44,22
84,7,48,78,20,22,62,40,63,9,53,68,71,74,11,63,28,70,98,58,17,85,72,55,54,76,92,43,97,61,71,61,4,18,17,97,87,1,56,4,49,1,93,97,1,32,94,76,64,5,0,50,64,11,35,15,30,74,47,31,33,28,45,34,17,68,83,66,36,96,6,79,21,50,62,19,6,75,54,74,19,71,34,93,76,91,20,91,66,33,17,10,52,8,88,63,77,81,53,1
44,66,10,54,83,7,3,91,22,50,23,44,7,74,64,61,80,15,32,90,4,15,82,89,0,81,39,31,44,4,10,22,58,74,63,59,41,34,28,70,9,89,94,74,16,25,49,26,10,88,7,60,59,14,95,43,53,16,21,95,89,34,91,85,88,50,12,27,44,47,87,0,29,42,4,9,76,96,97,39,5,71,34,22,55,88,72,82,10,7,81,9,14,14,93,15,8,26,77,50
38,60,93,83,24,10,66,23,9,48,43,35,52,48,21,29,2,7,12,44,43,25,42,56,69,35,42,21,26,57,86,11,19,50,69,17,76,71,35,2,52,30,27,58,93,41,42,58,0,40,46,9,34,14,67,15,3,64,92,58,38,0,14,46,82,1,8,73,67,27,46,38,97,87,65,17,68,1,61,8,66,48,13,44,33,21,35,56,2,60,7,23,55,31,51,16,79,40,39,51
98,50,5,40,40,99,84,13,57,4,15,39,39,36,46,29,26,55,82,81,60,10,45,49,42,45,16,11,44,49,29,68,18,9,27,20,41,21,39,20,78,76,21,12,64,65,52,73,40,80,15,46,62,92,99,56,97,73,61,74,45,2,1,87,41,34,36,21,45,33,98,32,61,75,51,78,77,34,94,61,73,94,83,69,63,32,62,29,8,37,13,91,7,51,5,90,16,40,10,98
90,36,1,91,72,4,75,94,54,39,84,57,51,5,4,66,60,65,2,51,19,79,50,82,71,33,85,44,87,54,5,82,70,27,3,92,17,92,63,0,56,13,82,76,58,84,93,81,47,35,7,45,1,1,18,86,43,4,94,32,64,94,36,26,4,84,52,59,86,1,39,22,64,44,66,14,85,83,18,84,5,58,2,97,89,24,64,91,83,31,87,29,64,44,96,46,59,63,25,44
20,10,38,43,77,94,67,61,20,94,4,77,51,38,49,1,27,77,38,12,20,54,72,95,11,93,37,33,48,46,74,21,14,2,39,97,33,28,1,52,73,73,4,87,35,54,65,14,21,47,61,49,3,68,37,14,74,48,80,22,91,85,32,7,46,66,7,85,10,0,61,33,92,41,64,33,45,60,19,42,39,12,50,79,4,65,17,56,66,72,37,52,42,20,6,79,72,16,10,52
19,81,68,19,81,37,16,16,2,91,14,10,41,90,53,80,91,57,7,18,93,71,61,3,8,87,97,72,92,31,65,3,18,85,24,11,96,57,70,82,48,90,5,54,61,68,3,96,95,61,88,58,60,96,74,77,86,5,18,34,51,11,58,63,54,24,0,16,0,15,4,49,72,56,40,37,17,71,90,91,93,43,17,37,14,58,12,90,66,98,48,51,34,50,57,78,17,77,52,40
4,68,41,78,59,30,25,69,10,27,65,93,50,67,24,1,19,81,99,79,36,49,68,2,30,19,82,81,46,33,61,78,73,55,46,82,64,75,10,69,94,67,32,62,85,3,10,56,98,56,64,45,56,47,17,3,45,26,36,16,44,20,11,51,72,65,87,19,9,55,54,24,64,75,70,87,62,60,13,10,49,46,55,78,62,98,94,54,23,36,17,83,46,54,85,49,58,43,55,30
12,57,6,46,86,22,79,57,78,25,42,56,47,24,42,28,19,32,62,3,6,29,52,13,11,77,20,70,5,97,3,22,96,91,48,48,81,41,26,68,62,81,44,71,69,48,99,60,82,11,87,61,98,8,96,17,61,53,18,92,96,10,89,37,95,80,4,12,1,84,59,55,45,82,42,98,19,60,41,20,23,23,31,83,65,34,37,33,19,54,53,26,2,33,54,29,62,54,53,16
26,53,25,89,30,3,19,27,58,25,95,63,8,16,21,30,96,63,46,55,43,3,86,0,24,28,83,5,97,78,63,79,13,84,42,67,59,93,22,13,3,77,37,2,92,6,28,30,31,25,95,69,35,23,30,26,9,39,11,68,31,48,67,62,72,6,87,72,23,98,11,91,71,17,44,22,9,68,83,57,18,71,36,31,79,38,17,45,27,98,96,17,99,96,77,52,26,31,11,88
47,77,7,19,63,89,34,94,63,66,60,2,88,1,73,74,55,2,51,74,7,59,99,22,18,44,76,90,72,85,91,37,52,43,60,40,9,50,15,90,49,92,80,33,95,27,64,30,88,80,60,61,67,33,0,75,11,20,49,16,21,0,32,88,5,54,3,19,35,14,29,37,93,68,27,37,65,87,22,27,99,17,1,20,10,44,38,10,29,37,83,37,29,34,0,83,49,16,19,70
44,96,70,4,58,77,42,3,14,16,53,1,45,75,95,50,33,87,48,88,13,70,26,52,73,40,65,46,61,7,7,31,27,31,28,86,28,21,0,76,52,41,37,51,45,96,70,35,35,6,81,31,22,89,68,11,37,22,98,66,50,92,74,21,62,10,80,28,24,95,76,29,61,93,10,40,54,97,5,93,56,72,10,32,36,33,80,96,9,51,27,74,64,60,98,35,36,17,62,77
34,70,30,73,84,54,14,32,97,99,30,63,45,70,83,58,74,57,87,88,13,72,99,57,77,91,78,25,18,74,36,8,54,96,62,0,20,7,73,76,69,38,88,79,75,98,47,19,23,97,5,32,40,60,17,55,41,88,82,16,7,59,77,32,42,26,64,2,27,26,23,52,71,76,46,50,61,45,82,3,70,67,24,78,3,2,63,85,1,50,38,1,70,15,50,32,75,21,58,2
1,43,51,1,83,96,93,88,65,56,76,73,38,87,40,70,42,67,46,2,36,3,17,67,61,94,99,20,98,82,19,75,84,34,40,90,89,86,19,87,52,94,95,0,71,98,32,84,13,36,2,16,17,83,50,73,16,92,4,30,37,25,49,14,58,18,88,27,16,86,17,75,35,31,99,71,2,88,65,57,38,20,63,79,67,59,89,31,72,16,19,9,97,24,75,34,60,50,80,47
81,65,17,25,46,43,3,82,32,33,94,86,34,76,97,75,46,52,5,78,89,32,9,2,41,18,67,26,74,61,62,67,34,22,82,24,19,2,13,8,38,95,15,14,87,72,17,73,91,26,5,58,26,82,99,75,98,5,62,96,46,82,2,72,81,35,7,14,52,22,91,96,66,75,44,64,28,84,57,95,23,86,39,46,95,97,78,39,82,35,74,18,19,20,4,5,28,50,38,93
90,97,29,89,76,94,25,62,72,42,34,41,77,43,57,79,25,1,46,28,51,69,76,75,10,22,45,83,16,80,30,68,44,91,62,53,27,47,47,43,77,68,93,51,81,17,75,69,10,42,79,29,18,65,23,71,94,51,83,94,25,30,19,31,87,77,9,56,90,14,7,19,62,28,4,33,42,74,3,52,83,99,27,85,29,39,11,43,67,9,68,12,55,66,80,17,65,90,21,40
61,83,21,79,86,63,94,23,13,88,75,21,85,43,17,92,63,55,86,27,66,11,34,89,76,17,14,61,66,0,59,96,23,23,32,86,18,38,55,58,66,55,86,26,86,77,20,24,90,48,69,37,87,1,28,91,94,92,0,41,49,73,22,64,75,14,25,92,20,99,87,12,54,74,44,3,11,93,68,7,56,69,89,32,3,34,31,76,37,74,58,71,8,44,72,64,21,21,37,74
95,11,71,24,51,16,85,9,55,56,86,14,62,10,54,47,55,97,66,50,80,20,42,76,52,0,21,44,10,16,75,2,29,75,56,84,28,82,92,81,55,59,96,96,59,31,45,81,27,22,52,96,97,14,52,31,16,82,50,83,28,46,19,26,78,22,43,65,41,12,44,73,92,77,96,78,66,61,85,8,99,56,20,84,74,15,66,26,2,60,19,7,14,19,66,42,13,56,26,61
51,50,47,6,92,86,26,39,65,52,66,2,44,31,37,31,2,4,35,73,18,80,82,40,70,99,21,9,35,42,16,77,83,64,47,52,78,85,43,39,56,3,69,22,57,77,96,13,85,72,58,57,69,6,51,63,21,23,21,26,52,23,5,36,66,29,98,12,73,24,84,10,93,58,47,25,37,0,82,44,51,28,58,59,12,7,60,71,94,64,78,76,80,21,33,32,30,23,47,22
61,73,54,88,65,74,9,6,19,27,15,57,44,74,29,63,2,67,62,64,23,92,14,20,21,76,16,6,28,13,8,29,82,13,64,36,27,89,34,57,61,70,28,20,10,92,21,56,47,97,82,79,36,28,67,88,76,25,32,34,83,86,18,30,61,60,94,93,70,68,46,39,28,96,78,40,11,75,69,99,58,35,57,92,39,72,0,4,47,35,48,89,85,49,99,49,93,65,33,70
94,82,37,31,24,6,38,89,92,90,80,45,69,42,28,17,8,39,4,88,4,47,93,83,41,62,97,60,48,87,93,60,11,95,15,20,2,16,94,71,47,96,94,68,88,28,87,3,93,71,49,62,31,42,74,41,42,2,85,42,69,95,24,18,77,50,45,62,14,21,84,59,21,31,8,8,54,85,57,81,90,45,54,11,86,50,0,5,34,82,85,37,3,89,15,8,84,25,11,53
37,63,69,70,54,12,89,45,35,89,58,43,2,17,30,68,10,58,90,37,14,83,44,99,4,89,79,70,7,60,17,86,84,90,63,14,59,18,48,95,26,21,55,77,90,53,82,72,3,84,38,86,16,66,99,32,36,32,40,85,76,85,84,42,80,44,92,74,40,25,34,81,8,41,66,13,9,21,9,20,56,14,90,26,95,83,19,3,12,40,63,72,1,16,52,8,7,88,57,80
61,43,85,17,34,39,38,10,26,64,50,33,72,44,65,87,90,96,50,21,93,2,63,16,59,62,67,64,8,35,68,36,21,42,44,86,75,67,22,36,69,26,75,88,20,97,51,26,3,86,48,36,11,53,93,33,73,88,69,11,26,52,44,16,14,92,27,4,59,86,35,35,37,69,93,57,10,85,22,44,0,4,15,90,5,4,52,13,6,31,34,61,1,36,69,35,75,18,95,71
40,74,40,38,92,91,54,71,27,72,17,82,11,3,31,51,86,7,8,29,22,36,12,70,20,17,37,61,64,66,83,68,26,25,58,34,72,72,26,0,33,44,61,59,43,48,40,19,23,28,93,55,63,12,83,4,13,53,38,15,61,89,11,72,36,71,61,84,11,86,40,56,82,94,6,32,45,11,17,91,89,46,84,38,65,31,31,54,94,15,28,62,9,69,25,68,77,30,64,60
78,1,89,30,56,20,12,41,46,21,74,57,30,40,93,74,38,21,57,87,66,25,37,27,18,23,74,60,21,16,71,53,79,32,0,81,42,54,37,8,92,1,87,55,39,37,2,54,10,86,40,87,42,24,26,44,56,26,78,87,12,69,84,54,20,30,43,3,31,31,33,54,78,1,54,27,23,64,39,89,50,0,44,74,26,97,33,94,21,12,35,63,81,34,56,77,97,14,88,1
7,32,37,40,22,99,58,59,94,87,85,30,49,21,18,69,19,16,31,90,11,96,14,64,8,71,15,15,17,44,43,64,72,50,76,1,75,56,93,42,92,76,86,19,70,80,28,48,37,77,78,70,47,75,26,31,4,12,34,2,60,7,59,69,12,36,80,73,76,83,62,56,94,78,76,73,9,10,4,74,14,39,92,92,9,70,93,34,25,38,32,92,18,6,15,84,77,37,47,5
31,67,59,73,23,23,6,54,57,82,31,31,79,14,34,5,15,49,56,60,18,55,59,21,90,26,55,54,3,29,86,24,22,4,35,61,68,80,40,82,9,25,74,1,15,21,51,61,73,18,44,22,56,21,86,1,52,56,25,84,88,78,67,5,27,85,17,97,99,6,20,63,84,89,37,73,69,41,74,71,73,12,21,34,36,33,21,47,17,78,76,9,0,93,13,57,86,37,19,15
38,0,53,24,14,74,4,87,61,92,5,27,3,52,63,43,1,42,86,40,17,56,87,41,91,49,37,82,42,86,22,30,27,38,10,87,32,51,79,79,57,57,64,43,29,57,17,15,21,73,81,23,70,67,90,75,64,3,28,42,84,91,13,80,24,87,55,80,19,63,13,11,92,84,56,75,28,99,43,2,17,9,48,94,58,98,40,33,76,13,91,23,81,81,92,33,88,22,22,43
39,99,21,1,44,19,54,9,44,31,40,0,23,21,17,14,14,55,18,30,66,6,47,44,87,89,63,97,69,3,26,98,10,42,24,24,58,40,99,56,11,88,43,19,91,80,96,63,46,18,80,33,6,91,52,31,72,39,12,86,26,73,61,89,45,9,24,1,92,64,48,26,4,95,98,64,52,47,29,26,53,26,83,16,35,92,47,21,62,30,60,19,81,96,54,35,62,68,49,64
79,40,69,94,43,21,97,56,64,9,57,58,96,50,94,21,32,1,42,8,14,9,85,90,13,29,96,12,39,1,49,29,39,68,79,39,32,63,78,62,62,40,26,83,55,4,9,37,53,15,3,83,16,20,90,14,70,10,82,87,12,63,34,69,51,72,29,22,51,52,72,89,72,93,28,65,1,73,92,10,86,77,81,32,67,62,40,23,70,51,7,49,51,60,2,40,66,83,79,41
11,40,4,74,49,66,38,48,51,69,99,20,38,49,73,69,17,3,0,41,51,48,29,48,97,91,36,89,61,68,33,93,18,34,29,12,40,74,94,51,9,44,56,28,19,92,66,79,90,95,20,58,82,80,7,80,45,71,10,68,73,29,79,4,59,5,36,72,64,63,73,83,37,29,20,83,62,71,60,50,24,95,32,65,33,6,73,81,86,23,30,41,76,38,45,77,11,21,29,83
2,1,34,38,66,45,64,89,5,18,86,99,95,49,40,73,11,74,73,60,89,71,77,42,4,51,22,17,37,87,48,48,36,39,95,53,84,73,39,16,9,33,24,88,79,99,33,24,54,85,32,46,35,18,64,98,3,91,15,31,64,19,80,86,1,19,10,74,38,8,94,2,59,86,60,25,46,36,44,40,20,92,38,61,92,49,85,29,66,70,91,78,57,69,40,70,39,83,77,71
47,20,41,52,47,44,6,58,14,85,21,79,54,89,68,38,39,66,32,62,30,3,66,76,3,61,93,17,74,21,78,99,64,21,2,69,18,24,96,45,26,5,18,61,6,60,26,43,74,81,79,65,45,39,8,15,15,57,5,23,82,57,77,90,7,97,28,98,80,8,43,18,90,36,51,91,81,14,60,29,28,42,39,61,16,66,52,10,20,72,8,17,51,52,52,28,43,8,20,80
40,47,51,24,64,43,45,84,21,74,58,13,6,6,40,69,72,94,16,17,40,30,27,43,42,73,24,95,42,88,50,63,11,19,33,72,19,71,62,94,84,5,87,87,2,56,53,93,14,18,76,10,31,84,79,28,18,98,94,87,53,73,75,28,34,24,89,78,57,93,13,1,3,8,99,19,68,13,80,94,15,17,43,33,75,14,0,10,13,5,50,46,75,35,79,14,50,69,49,71
94,33,49,38,86,68,96,4,86,25,22,90,81,94,7,8,66,22,78,8,11,21,82,97,5,68,22,63,23,86,46,10,41,68,93,36,98,16,42,30,86,71,11,82,34,98,55,94,14,2,67,38,27,52,46,7,52,2,96,55,88,74,70,80,63,64,69,70,29,77,51,92,78,50,32,0,53,65,62,48,66,34,78,4,6,38,23,80,50,96,54,46,90,27,36,69,35,30,20,65
91,59,60,3,21,96,45,62,58,97,89,89,56,90,60,41,3,99,81,87,76,26,42,4,79,45,10,89,42,51,51,1,2,84,69,9,9,82,29,87,60,33,77,8,15,74,28,28,43,31,98,90,28,15,76,64,53,39,31,69,11,21,79,0,92,77,26,14,63,23,37,49,89,55,60,38,82,4,89,38,28,7,25,91,18,96,28,31,29,36,74,81,84,52,36,41,69,46,18,76
52,94,87,72,32,98,59,82,68,72,46,90,10,41,16,89,76,19,89,31,58,61,17,87,40,86,21,84,90,14,41,91,60,10,52,11,83,63,96,26,59,91,47,91,4,41,2,9,45,8,50,48,39,46,23,97,9,80,25,79,14,88,28,41,2,71,20,64,11,9,90,53,65,84,30,56,3,69,3,98,11,79,48,73,65,64,75,25,86,9,32,14,99,7,62,74,30,15,11,43
14,58,95,78,38,26,83,37,71,17,0,84,6,66,47,90,1,16,16,1,96,34,67,5,2,86,6,48,71,8,67,80,25,67,17,93,77,80,55,68,22,58,15,22,0,95,41,19,75,89,2,95,21,97,82,6,30,26,14,85,70,22,13,40,37,67,47,63,32,79,84,63,85,65,63,20,81,50,37,78,22,84,1,48,9,82,55,36,43,9,98,19,86,39,50,41,28,31,19,10
16,42,17,97,48,52,2,16,3,86,93,88,69,31,13,53,31,72,84,4,14,6,87,39,32,89,18,21,74,34,11,27,34,11,17,25,10,93,71,52,81,26,55,82,80,8,62,19,67,82,54,96,35,77,6,85,20,87,20,29,10,14,91,68,64,84,87,13,95,55,56,19,98,0,51,36,1,56,88,22,31,76,51,40,40,39,47,80,77,61,60,90,79,52,99,14,13,64,64,79
96,56,19,28,94,65,97,80,70,85,11,43,56,0,81,98,13,23,75,8,81,84,8,28,92,1,74,80,89,80,86,63,27,13,41,94,33,43,95,48,85,91,62,48,39,92,14,32,15,0,88,46,66,86,96,37,4,45,37,68,54,20,22,0,51,83,74,29,62,83,86,30,84,4,20,51,35,15,65,47,27,17,48,22,59,50,59,32,76,31,95,76,73,59,0,10,45,56,12,87
14,70,84,26,86,34,59,33,35,33,97,46,72,40,82,40,92,26,48,59,91,7,2,3,59,92,51,10,47,63,49,91,15,46,98,62,30,69,20,46,99,1,95,64,26,40,91,24,73,94,21,70,77,37,24,26,99,94,19,40,44,44,60,57,66,15,84,76,76,77,62,15,3,31,45,59,62,40,67,37,39,90,54,41,69,11,77,34,49,70,40,42,58,56,2,35,2,1,86,41
35,11,1,92,91,51,47,74,80,28,15,96,87,25,87,38,99,27,5,73,66,41,41,6,0,49,44,80,85,35,74,52,4,85,25,95,29,30,73,81,29,1,66,40,46,5,37,43,39,90,93,34,4,12,13,45,12,74,18,32,1,15,81,18,24,44,86,71,6,98,34,13,38,80,56,5,53,96,21,33,80,87,54,90,75,4,31,8,99,76,39,27,68,37,93,57,83,9,67,21
53,99,70,33,38,28,26,74,26,95,43,89,74,1,35,53,41,40,98,98,30,68,90,36,86,23,54,57,53,21,6,71,63,63,29,3,23,89,65,18,49,24,53,74,43,70,98,90,59,98,80,1,17,66,73,19,39,36,89,97,84,51,94,46,15,77,96,53,70,27,80,39,17,32,52,78,42,18,67,54,24,65,21,79,13,67,67,65,84,82,18,55,80,34,28,1,22,98,21,51
10,15,56,27,70,15,83,21,7,90,95,27,90,98,4,44,18,21,64,45,66,44,19,94,62,92,82,48,53,68,21,45,32,92,93,86,98,55,78,34,3,43,9,65,25,66,20,18,96,97,75,86,57,66,26,97,1,72,96,76,96,4,76,92,40,35,5,35,93,12,70,71,77,0,34,22,92,26,59,58,95,23,62,93,97,66,36,7,2,77,12,24,27,74,57,26,8,23,59,33
90,46,42,17,93,15,3,91,68,35,32,78,47,14,62,93,34,3,56,58,25,85,68,31,5,45,13,90,22,52,70,93,51,21,6,66,63,76,30,84,70,18,2,14,26,14,45,43,24,61,26,94,95,72,41,16,79,47,28,35,79,94,55,82,68,32,52,49,96,10,78,44,87,38,66,57,77,31,72,95,46,37,54,0,77,21,51,95,27,2,13,40,97,60,79,42,83,61,85,27
61,17,94,38,32,51,37,86,16,79,84,96,19,84,16,91,9,17,32,61,0,66,25,59,74,20,83,82,2,10,30,51,24,12,50,26,39,82,78,61,72,79,72,93,76,12,37,18,38,0,59,56,78,1,30,5,30,69,11,51,84,48,85,36,4,1,64,70,4,82,1,24,64,57,44,61,12,56,46,17,41,51,57,8,53,15,33,92,82,23,13,68,0,81,86,46,12,14,92,8
52,38,69,89,24,23,18,56,10,97,87,2,67,15,75,63,34,70,10,99,85,86,63,63,41,79,45,14,94,40,21,57,63,60,11,48,71,56,55,87,14,42,15,66,6,83,75,30,11,24,94,83,64,48,81,8,56,44,91,38,89,92,79,69,80,45,0,91,7,97,95,72,44,39,22,51,71,4,65,22,25,35,65,42,29,89,8,48,51,47,79,2,82,14,32,92,52,1,95,58
25,75,96,28,51,66,59,44,89,22,20,90,63,66,98,13,7,51,9,49,30,83,69,96,16,52,6,97,57,33,58,35,80,72,18,59,71,87,31,53,40,94,76,2,27,42,77,50,74,10,22,59,10,82,6,6,19,28,68,18,67,30,85,35,29,43,52,80,40,63,37,6,50,38,67,46,16,43,79,0,74,12,7,58,71,53,79,54,87,76,54,47,82,18,50,36,98,60,19,37
43,43,98,66,16,13,15,63,74,59,62,3,33,21,85,82,44,44,97,27,94,5,28,57,28,85,26,61,21,6,73,98,35,34,72,1,18,45,93,73,86,53,1,32,93,93,33,63,37,86,21,64,16,29,25,81,12,10,13,19,27,69,4,91,60,27,80,69,97,63,22,72,68,90,37,15,0,17,71,20,11,21,11,48,66,32,51,36,41,13,76,38,40,54,88,36,77,28,51,11
0,16,51,79,77,48,87,73,99,83,19,76,44,42,14,7,73,67,58,89,28,34,87,6,10,56,91,64,61,34,9,30,37,82,3,52,2,77,62,13,76,46,78,49,56,77,35,25,21,61,46,60,50,13,0,44,92,96,61,84,34,34,59,6,48,33,64,39,39,79,66,23,8,91,98,4,9,46,28,17,93,63,11,43,78,15,96,94,28,14,53,64,20,92,41,62,61,23,5,15
48,64,10,7,68,58,65,57,55,35,44,24,44,76,81,55,14,1,45,52,68,39,81,0,99,70,91,85,75,40,17,3,86,32,85,85,22,85,53,30,55,59,11,41,96,55,21,3,46,12,75,6,69,4,76,57,24,47,19,11,53,49,88,62,3,29,94,17,6,72,26,76,30,8,81,14,74,55,52,62,83,59,51,21,36,12,9,38,3,96,68,51,75,61,82,48,56,85,90,21
87,23,81,33,95,44,18,82,76,44,85,90,58,58,24,89,37,83,95,77,50,32,27,80,89,63,81,72,84,79,18,75,60,30,90,85,35,23,57,34,56,52,86,19,84,19,77,42,41,31,62,1,79,97,85,41,7,54,56,84,59,79,94,66,24,86,3,33,85,44,76,90,27,20,9,97,59,91,85,6,18,22,31,53,42,20,96,20,40,9,92,29,71,96,25,64,83,43,30,76
44,77,7,53,3,15,97,72,38,58,38,4,61,2,24,39,66,9,10,33,53,30,42,56,11,59,90,39,62,97,33,16,34,92,52,97,84,17,77,85,13,18,43,87,88,36,99,67,41,5,75,75,80,28,84,65,11,20,17,79,1,36,36,57,69,13,32,70,39,60,25,6,14,86,94,51,76,43,65,53,85,7,75,86,45,80,9,4,83,48,61,25,63,36,78,55,52,8,51,26
43,43,60,21,66,65,37,86,82,72,79,51,11,8,47,83,40,58,83,41,21,90,62,79,14,5,97,89,94,2,30,61,18,34,83,6,37,67,10,14,65,19,64,30,3,44,38,7,99,13,62,6,19,69,66,32,1,32,47,24,44,64,14,61,84,52,6,65,68,52,2,22,65,15,10,46,78,28,10,66,63,69,6,38,92,77,8,63,67,51,21,4,23,87,53,95,37,18,36,6
59,93,81,17,72,39,4,8,84,25,50,55,27,2,62,60,75,82,34,92,23,3,7,68,24,24,22,66,68,0,36,66,66,90,59,4,71,1,45,73,16,35,7,40,68,8,15,98,35,64,98,75,33,98,13,48,78,1,57,54,51,78,77,0,31,40,47,15,28,34,1,29,75,40,44,19,34,97,23,1,25,87,44,89,73,58,16,98,69,22,39,35,39,59,29,6,5,20,12,49
50,39,97,84,53,31,26,87,80,53,82,81,82,97,55,86,99,18,25,55,12,61,10,39,91,65,87,15,60,59,43,12,2,64,29,82,47,82,34,52,43,32,75,19,99,72,25,59,94,79,53,23,16,24,7,60,80,99,33,60,28,4,52,90,36,9,54,41,7,77,63,22,40,26,63,32,73,44,49,97,85,4,23,13,97,11,11,31,18,52,5,77,56,87,7,2,39,22,52,18
23,65,0,32,50,48,80,6,23,3,61,34,65,92,55,8,42,92,78,46,68,74,63,73,68,89,44,49,78,6,65,39,34,79,11,43,27,26,94,56,26,51,73,69,93,65,3,55,19,15,3,50,51,72,69,39,2,40,45,26,55,53,55,47,74,84,55,92,94,36,73,62,41,74,63,21,90,73,0,34,14,83,62,34,74,60,57,55,92,15,67,15,4,6,64,84,12,83,13,81
37,78,25,26,36,20,8,91,26,12,44,21,17,64,46,60,19,56,95,41,38,26,12,13,35,43,7,33,21,69,98,37,70,21,87,41,5,69,28,85,0,66,56,38,41,99,14,67,59,71,62,6,9,8,40,73,61,23,99,2,20,11,13,16,99,94,34,16,82,75,12,38,11,92,19,9,92,1,75,67,91,30,70,33,63,27,5,59,83,60,10,73,73,21,33,52,68,33,6,55
7,91,26,2,36,2,14,23,10,41,56,61,40,7,38,42,94,16,38,42,37,49,81,69,41,68,49,26,46,13,0,12,31,42,65,97,60,3,8,32,67,71,21,72,78,7,24,81,15,69,37,31,92,35,95,50,16,2,48,23,52,4,30,8,50,20,39,67,45,49,48,79,62,78,6,12,39,45,38,0,81,81,4,21,27,15,28,33,66,78,20,24,50,18,25,42,4,21,2,29
41,48,16,40,62,88,76,14,73,61,81,4,94,12,67,5,86,20,92,89,29,40,11,32,82,17,12,90,23,77,14,2,71,54,51,52,28,82,66,86,57,77,90,10,22,66,51,5,2,13,52,0,70,98,70,2,23,92,49,81,20,15,29,53,3,22,80,14,58,92,9,6,54,40,23,95,71,24,92,52,41,59,59,20,58,41,97,22,4,86,12,68,16,55,15,37,12,33,21,9
34,14,30,71,83,29,46,76,33,69,21,14,38,44,78,34,63,54,20,87,73,51,36,73,1,20,99,42,65,38,32,25,78,96,98,76,53,84,50,89,20,21,27,66,84,30,32,42,29,94,81,61,68,3,97,94,52,83,71,94,40,28,34,77,45,27,16,7,67,83,7,85,47,8,48,28,24,5,67,65,46,99,14,56,93,89,25,83,65,57,44,98,86,92,84,95,72,63,13,53
