207268974,288043517,137999458,220932343,234399734,162728643,282363206,178375102,235799801,158459265
206458686,269725967,159364818,275473831,230751839,166398749,313169918,197625595,218403458,208376897
221179476,308338331,160188032,271312352,266708407,216568407,323904505,195512712,236881196,199648914
202313187,309643791,203826436,269930786,263567662,247394308,382738089,281520041,264761930,230601404
248449167,391907175,245910898,285504406,297320646,190567842,391921852,256850014,261560070,285023427
283764256,420257098,217057188,338786256,393054727,270241675,396247315,273131166,354287805,196001796
243545884,357801596,196127334,278829088,280139859,208275919,364530853,222029128,274853095,234495120
306103778,426568880,228747110,360460334,354133140,248721553,470699762,325979024,370744235,249994215
211484386,313482626,167250538,259634974,264666978,187608727,293548924,152315528,226859688,204849647
213080269,302951490,162201108,243905236,231819571,167517661,326816022,172341080,230160036,225433292
