47,87,92,71,93,39,16,75,88,88,42,70,82,19,9,98,49,41,34,83,82,7,21,31,68,82,0,18,77,64,87,35,92,81,24,50,32,9,19,15,28,7,3,65,78,64,80,17,54,31,37,84,96,21,91,61,1,94,67,46,5,47,42,66,39,36,64,24,60,59,81,25,52,43,65,51,23,63,85,31,54,15,49,79,17,97,60,32,10,64,4,43,7,2,33,79,10,17,3,19
3,82,35,47,10,17,67,26,91,37,82,25,27,66,47,39,94,29,28,26,70,26,46,70,61,42,19,80,29,55,37,0,39,79,25,75,38,54,92,71,28,46,13,97,41,57,4,52,15,91,60,59,84,23,83,7,10,16,41,34,1,20,66,81,58,26,38,56,15,60,82,8,46,66,16,26,7,52,32,64,4,35,2,83,16,9,21,15,26,36,40,28,10,74,56,11,52,66,82,34
70,69,85,18,94,41,3,90,99,31,14,72,19,88,86,84,28,57,32,89,78,78,85,36,62,31,86,75,25,96,69,92,17,9,16,82,94,82,90,60,70,29,94,86,32,28,57,35,31,57,74,18,80,0,24,40,75,63,14,3,48,6,94,20,16,4,1,43,23,18,80,96,63,37,52,76,32,82,74,78,44,13,37,9,89,32,71,48,53,71,49,33,42,72,13,52,19,72,21,80
20,83,63,7,79,56,96,67,96,49,42,1,29,0,42,16,48,58,71,94,73,47,53,87,36,32,14,39,1,38,5,3,87,50,30,93,59,50,48,84,11,73,0,70,3,74,32,37,30,95,64,90,55,44,63,77,59,22,23,75,94,40,88,0,79,39,73,53,68,92,48,93,49,69,71,59,38,84,99,20,35,12,7,46,55,49,20,98,50,86,54,27,88,71,41,7,61,12,70,30
2,11,55,78,22,45,29,34,95,66,26,91,56,39,79,11,65,81,94,0,37,36,12,38,29,57,11,96,83,40,78,73,1,26,66,77,50,72,11,62,21,22,68,24,88,58,66,94,41,34,76,82,52,65,42,79,60,26,40,36,0,40,98,29,88,95,49,15,92,56,67,71,97,23,84,42,76,28,52,31,44,69,16,88,44,22,32,72,88,5,10,33,35,98,32,41,5,75,73,66
92,41,32,1,14,44,88,45,69,72,32,68,92,89,10,21,75,24,83,80,34,8,41,96,90,50,56,70,81,23,77,9,65,81,62,13,77,15,93,99,83,71,65,87,28,48,8,37,0,16,89,97,89,84,87,6,50,25,0,61,68,11,33,92,54,42,50,54,35,59,72,56,37,83,98,45,50,1,24,81,13,91,4,34,31,5,0,32,85,73,20,99,83,97,28,48,42,94,44,35
53,80,59,62,20,45,95,88,35,71,63,69,70,87,26,87,93,63,33,6,64,77,39,0,51,40,53,56,25,93,46,33,13,66,23,52,48,55,82,64,92,20,88,64,86,77,34,94,4,34,84,71,97,78,99,4,81,52,63,8,97,34,98,32,99,24,76,77,99,99,43,59,41,74,87,96,74,26,45,46,10,35,64,91,79,42,89,42,68,55,49,56,35,13,26,70,36,68,46,84
86,73,30,24,86,36,18,82,77,65,84,21,69,10,50,66,32,82,56,34,58,38,91,16,61,93,72,40,97,41,66,16,19,26,25,25,79,70,58,42,50,11,38,79,17,92,19,5,48,90,74,52,14,63,75,23,25,58,50,26,41,58,8,25,27,43,12,72,0,30,88,95,19,69,94,6,26,19,98,34,88,2,72,11,49,89,53,58,59,66,61,0,34,93,26,20,31,51,43,1
54,31,19,35,96,64,3,63,97,80,28,35,98,80,77,0,54,84,43,12,19,7,85,43,41,60,1,72,93,99,6,57,40,97,7,57,51,78,91,18,76,4,52,57,86,87,63,70,99,29,58,92,62,24,33,85,32,51,3,18,53,92,96,60,13,94,31,74,29,30,57,93,52,28,71,17,73,95,68,73,81,85,68,89,70,34,24,28,17,67,50,19,83,28,79,19,18,42,50,16
58,83,2,12,75,6,39,18,67,59,5,54,22,32,45,53,3,51,72,25,80,66,71,90,0,55,57,95,62,50,0,82,61,22,91,85,69,22,49,91,27,19,48,68,9,21,53,24,3,0,91,1,81,95,96,43,31,18,66,7,70,96,7,32,95,1,12,41,86,61,52,53,61,22,24,23,54,19,73,22,22,73,71,16,12,70,42,2,65,44,42,80,75,2,32,40,60,45,66,20
28,99,34,7,23,12,93,72,36,57,38,2,82,61,13,28,49,99,77,27,28,12,96,52,7,55,53,34,49,66,81,92,16,15,45,9,98,17,63,72,21,30,97,24,78,22,15,45,98,44,66,7,87,19,96,92,14,6,35,6,88,23,98,20,13,28,4,56,11,20,11,38,15,98,50,90,31,44,89,71,63,28,45,82,33,42,15,76,17,35,34,90,63,13,63,69,63,40,79,77
10,66,75,51,90,33,4,34,89,70,11,11,30,31,42,8,22,65,75,72,47,4,99,11,28,93,46,83,28,74,81,85,25,74,50,53,87,33,44,7,85,46,37,57,29,93,23,0,60,21,59,75,42,54,12,81,22,0,56,56,96,61,35,66,84,76,95,15,85,78,4,37,81,59,67,24,52,39,24,89,84,82,57,10,6,29,5,65,31,6,41,7,85,40,24,37,34,48,19,47
94,91,19,40,59,58,98,19,78,14,61,24,37,62,57,53,71,98,23,87,76,2,54,14,74,42,5,68,78,52,18,26,85,59,15,4,66,91,80,82,5,10,61,34,1,54,45,52,47,76,9,21,54,25,83,7,70,95,37,17,96,56,40,24,13,37,29,67,58,25,19,84,23,7,96,93,57,55,91,96,87,16,88,88,20,80,78,85,93,29,25,93,14,9,89,11,10,9,77,65
28,14,22,78,19,29,95,95,77,15,3,29,56,19,91,25,26,97,53,41,89,33,11,89,42,5,10,68,47,97,43,63,36,33,91,76,78,67,58,95,60,75,91,36,94,20,15,2,73,42,97,26,35,80,75,63,80,12,45,27,84,95,65,58,58,78,34,15,49,19,58,24,85,46,13,69,46,95,96,37,62,88,37,52,66,81,57,94,44,15,4,23,43,52,25,21,84,83,29,46
10,51,7,30,33,61,46,74,50,70,5,53,26,43,37,17,91,35,67,1,76,28,84,37,10,40,87,57,14,95,33,46,9,91,78,35,36,66,3,29,89,91,18,95,81,29,17,43,78,43,73,34,15,37,33,90,61,13,62,60,74,92,11,19,36,31,11,13,2,30,83,73,22,53,7,35,60,37,75,28,61,53,6,71,16,84,58,52,93,86,70,52,69,82,98,78,95,19,98,30
95,90,40,57,22,79,64,44,32,0,58,8,87,71,20,22,93,66,39,58,65,3,5,11,23,87,33,57,81,44,62,33,50,87,77,71,57,54,43,80,52,47,38,2,33,77,59,26,28,81,86,74,52,33,82,92,34,36,13,3,80,36,26,62,12,25,52,69,10,39,96,71,93,75,31,93,61,76,83,55,83,14,45,45,55,42,29,69,35,63,64,70,60,47,75,64,46,26,15,30
95,70,54,7,63,33,61,64,53,1,70,94,23,74,99,80,53,94,77,71,97,19,42,67,58,22,57,48,63,33,38,72,22,42,16,98,21,54,69,60,46,79,21,4,30,55,25,90,15,15,96,14,36,31,9,89,9,47,88,72,11,18,62,47,9,85,46,54,53,70,86,35,89,97,12,32,12,33,34,71,56,13,4,63,35,39,57,84,81,77,84,41,42,74,31,58,29,35,24,69
58,87,75,57,37,79,76,20,67,19,65,24,15,84,76,29,20,86,69,46,46,14,8,7,68,63,13,28,31,33,57,30,59,87,68,74,67,4,50,88,90,35,91,4,12,96,61,49,62,67,2,67,49,86,76,90,66,44,8,94,42,72,3,40,3,49,26,32,86,37,87,64,33,81,83,85,83,11,13,81,26,15,57,99,40,65,92,69,35,90,17,42,31,91,9,40,29,6,29,60
11,0,92,84,10,94,32,79,53,35,43,5,86,94,82,96,10,1,43,68,94,54,44,80,18,40,14,26,69,89,76,44,16,51,53,5,30,2,74,11,84,27,60,64,10,10,20,56,48,70,10,52,75,3,23,95,75,53,98,52,70,5,79,28,81,52,89,73,46,39,96,1,5,75,80,95,84,45,41,23,46,40,30,64,11,14,19,35,37,6,90,80,86,36,73,53,79,72,20,71
67,21,48,4,66,26,45,19,9,36,45,2,15,28,40,77,64,67,81,99,10,81,79,87,28,9,81,86,65,53,11,71,21,16,59,25,68,60,87,28,48,36,5,10,16,2,65,2,48,24,14,57,8,42,5,34,31,50,84,45,71,23,64,0,81,8,4,19,34,69,47,91,91,67,94,27,10,98,46,26,50,44,4,53,57,98,64,69,37,65,93,91,44,96,58,87,39,50,36,1
78,17,21,93,68,67,68,32,79,44,50,90,69,83,20,88,29,19,8,27,54,89,97,17,90,14,78,47,38,81,92,42,59,35,6,69,57,81,43,34,76,0,92,51,79,7,70,59,28,55,3,69,44,79,84,43,71,89,28,92,76,14,1,94,72,5,13,63,61,99,68,31,0,24,58,48,36,76,78,54,22,8,9,61,16,85,13,88,88,65,59,43,88,74,45,4,69,5,62,41
12,16,23,56,52,1,6,31,76,47,38,38,16,29,14,40,11,4,68,34,11,90,40,13,74,57,96,77,60,73,44,48,35,27,92,71,69,64,65,5,75,4,31,8,6,61,96,35,45,40,48,13,62,61,19,89,32,84,27,25,5,65,37,51,1,98,87,31,43,95,90,79,44,88,66,34,85,63,73,92,24,70,30,5,35,20,17,61,93,66,82,82,72,44,32,15,33,85,63,56
58,24,64,82,82,62,26,43,90,79,63,9,38,66,8,62,36,94,64,76,16,40,21,29,48,44,43,50,88,2,98,69,11,39,58,21,83,20,10,69,89,64,51,17,75,21,25,31,76,24,98,35,97,76,41,38,77,99,96,17,70,43,52,12,47,92,18,4,60,49,15,78,8,69,56,6,55,57,9,31,47,60,66,69,56,65,34,91,65,68,10,18,71,52,40,6,51,90,12,52
58,14,19,67,33,86,42,64,71,2,7,35,73,59,26,40,5,15,88,19,74,34,43,51,88,57,64,44,72,14,18,35,12,36,99,50,88,63,23,7,22,54,66,64,88,70,76,45,85,78,36,38,85,88,97,89,24,94,16,45,10,60,24,41,65,88,90,57,55,35,55,2,93,51,11,5,15,57,68,65,86,72,49,26,95,8,68,98,73,89,47,50,84,56,96,41,92,1,11,63
89,29,25,49,73,52,42,42,22,75,64,36,89,5,30,43,99,81,90,63,76,48,77,58,54,30,85,70,88,92,33,48,3,22,79,46,64,54,88,9,69,13,14,23,32,27,9,31,43,83,33,62,0,95,77,55,23,79,46,64,22,53,31,97,16,15,78,77,92,63,46,96,88,54,57,54,82,50,49,38,80,11,18,71,61,16,87,49,34,29,20,31,78,86,55,48,97,41,67,85
66,26,21,35,2,28,2,28,34,79,27,62,22,56,41,48,53,79,9,23,86,63,28,91,68,14,85,72,54,63,49,85,99,25,56,88,60,49,90,14,74,76,68,40,52,5,71,78,58,75,46,53,79,6,99,48,64,82,77,91,63,11,40,2,3,53,31,44,87,15,82,9,93,33,59,2,54,71,7,58,42,62,55,74,22,56,90,77,24,28,32,5,91,47,51,85,2,25,73,11
88,35,52,35,50,19,22,21,67,10,58,61,75,31,24,34,73,51,17,81,20,6,75,57,0,81,76,16,95,12,76,24,19,67,16,9,1,95,94,26,67,24,1,53,29,30,54,79,82,11,2,70,49,43,89,49,52,91,13,98,31,42,20,68,61,17,60,21,23,59,50,22,16,68,82,8,46,10,19,61,68,25,50,99,56,78,56,67,62,20,28,1,44,79,94,46,44,3,42,70
11,85,43,33,59,99,73,62,49,60,84,11,88,45,97,58,14,15,16,89,48,38,9,86,21,26,45,97,92,84,38,40,78,99,41,78,29,36,44,36,83,67,2,49,36,85,17,91,13,31,59,21,64,49,71,61,16,49,30,55,17,63,83,42,87,75,50,6,59,34,31,21,41,18,90,64,63,34,24,32,32,56,70,44,31,9,73,81,67,41,82,17,79,43,73,25,89,83,89,58
60,23,84,62,51,29,79,92,16,55,94,12,80,59,59,62,80,76,6,64,33,53,13,71,26,12,68,84,93,68,81,66,42,47,81,74,65,78,26,78,58,17,15,14,50,25,13,13,87,21,0,23,28,58,39,29,19,61,87,22,48,9,65,86,64,60,27,1,69,46,99,47,90,90,7,63,0,51,17,89,26,4,44,71,6,80,95,51,49,6,86,46,94,70,38,60,5,72,23,30
63,20,65,69,74,0,35,84,42,81,98,44,79,98,63,10,65,9,76,97,8,11,55,62,37,50,31,56,68,50,53,4,35,53,89,62,60,50,18,51,70,49,92,20,4,9,68,25,31,18,67,11,48,7,10,79,94,13,52,70,98,6,44,56,4,49,34,96,20,14,2,56,67,84,69,80,95,34,19,72,13,88,79,55,52,13,2,79,35,67,85,86,48,67,67,88,37,0,6,12
93,88,62,87,17,12,48,73,20,48,62,12,5,61,49,47,81,22,15,18,81,12,11,45,13,31,50,30,56,96,77,15,71,17,84,95,34,6,61,50,81,16,39,21,33,92,63,81,41,52,49,4,35,49,63,58,54,89,59,81,75,53,96,47,16,41,54,25,16,94,31,29,62,5,76,14,36,49,71,48,95,46,52,85,45,84,83,52,25,64,1,43,65,7,81,14,10,76,87,29
58,63,72,61,48,71,57,82,69,59,35,85,19,5,9,76,16,64,25,99,2,96,35,54,99,10,87,28,86,13,32,11,62,79,63,86,13,20,28,61,91,96,59,9,47,71,93,24,89,89,76,21,77,57,13,42,79,5,97,93,97,79,65,5,68,58,93,63,74,32,94,85,58,20,86,61,11,95,85,40,26,42,31,60,99,79,55,56,37,5,38,1,37,66,61,56,72,28,6,93
77,63,12,12,60,23,3,9,92,42,20,98,10,6,13,46,49,84,37,58,68,96,91,37,16,2,75,63,13,31,35,59,72,31,52,31,38,61,91,91,20,30,54,97,55,8,51,56,1,10,69,56,59,35,14,16,31,12,92,43,4,30,62,1,21,88,11,41,77,76,11,2,94,93,10,23,5,62,25,96,38,80,45,86,92,52,78,50,52,72,15,13,38,5,96,83,99,16,11,59
84,79,69,71,92,92,46,19,13,4,87,67,56,60,3,40,6,45,44,33,51,29,65,38,61,83,54,26,58,74,54,28,28,54,32,20,57,32,58,38,94,94,39,41,20,33,36,64,29,12,8,94,37,6,25,19,81,87,44,51,47,32,2,67,34,88,0,29,75,46,51,87,47,85,98,15,94,26,48,47,94,92,28,56,25,66,98,53,55,93,90,21,19,46,40,98,57,26,95,96
45,6,93,86,73,98,53,27,95,33,14,25,11,34,81,81,86,61,47,14,6,53,49,10,38,58,49,54,5,31,34,47,68,53,64,15,88,88,84,73,3,17,78,77,57,92,31,41,46,42,48,45,83,51,0,16,69,7,11,27,85,62,75,53,9,35,66,75,84,47,39,98,53,78,56,58,38,58,87,66,89,66,31,56,66,3,53,98,63,3,79,48,48,46,12,19,26,8,56,71
85,5,53,96,43,87,0,50,88,68,69,42,9,66,98,51,43,67,35,19,15,20,69,26,11,95,93,19,82,75,50,4,13,76,97,20,10,36,63,69,78,22,87,16,86,83,31,87,47,37,1,43,44,94,72,58,84,47,94,84,22,10,41,74,19,42,44,83,68,74,28,37,85,97,35,55,24,99,83,34,95,78,48,88,82,20,51,47,68,23,11,46,41,95,84,18,52,21,55,76
44,11,40,71,10,2,21,96,55,4,84,75,80,51,36,42,41,47,69,81,97,29,89,52,54,25,76,81,44,84,52,86,97,25,5,30,91,97,59,53,60,30,37,64,55,99,41,67,38,4,67,14,40,52,24,12,85,62,85,56,98,13,10,40,91,0,44,63,23,52,79,53,91,4,48,41,81,87,40,24,17,34,53,7,3,76,24,42,86,50,70,77,57,43,31,64,69,78,94,72
8,0,57,46,57,11,45,44,98,96,1,83,28,91,70,79,32,41,80,11,1,59,3,85,61,40,37,2,50,91,56,14,5,28,29,78,71,32,58,2,80,16,68,10,32,43,43,17,63,86,91,23,50,94,46,88,38,67,42,45,18,25,64,4,65,58,21,90,22,18,97,53,45,74,80,1,97,21,52,97,11,27,6,71,48,19,26,48,13,20,28,70,26,10,23,78,32,16,31,96
66,5,44,46,73,35,73,67,32,99,13,32,52,15,48,66,51,23,43,2,37,34,95,12,24,15,36,26,98,25,29,81,74,55,74,32,64,91,16,90,15,91,70,29,24,65,57,6,81,62,17,44,52,14,70,15,72,35,58,37,26,69,79,18,16,17,33,7,74,49,53,54,0,3,7,73,48,24,29,66,95,96,8,12,26,84,52,7,39,62,96,12,76,50,13,29,40,9,1,33
77,9,85,56,53,61,17,73,57,66,31,3,58,83,32,9,62,23,93,32,30,9,62,1,15,14,53,64,68,48,27,91,91,34,83,13,7,58,94,83,34,0,97,38,63,8,63,71,55,43,69,29,60,2,15,40,80,6,93,37,54,64,76,44,7,31,85,21,66,46,31,45,15,94,18,51,70,15,36,87,65,98,79,80,49,37,31,99,83,60,6,84,63,99,54,26,32,39,24,95
44,28,35,44,4,58,58,80,89,63,36,88,56,82,22,46,76,29,55,60,28,44,51,72,48,96,18,51,62,91,22,65,75,91,55,28,54,52,21,48,36,44,45,7,54,97,66,18,50,43,8,91,64,2,42,13,70,58,45,32,87,46,25,7,48,32,79,97,6,74,9,90,84,97,65,66,71,90,89,26,54,35,94,87,70,36,19,56,88,21,67,37,75,38,45,95,0,91,24,1
20,33,83,55,59,70,90,36,10,19,88,78,33,51,67,22,7,24,29,93,46,24,54,38,13,57,83,36,59,69,26,20,66,45,56,12,75,28,33,76,48,13,30,80,66,34,25,81,68,36,75,4,74,48,60,77,21,69,54,58,18,22,62,16,73,32,63,72,62,9,86,93,57,80,29,46,57,52,15,88,35,90,47,29,61,57,0,48,17,83,24,85,18,71,72,70,99,72,16,87
75,2,29,62,39,96,48,66,11,63,99,0,36,6,41,29,13,13,50,24,19,26,38,11,68,95,18,90,84,17,1,78,74,60,59,25,43,11,58,38,31,70,90,3,3,37,86,93,7,5,51,57,27,76,88,38,14,59,29,25,0,39,97,7,60,7,46,70,27,78,38,2,97,68,23,60,40,56,37,44,57,92,46,22,81,9,19,32,24,3,75,81,33,80,28,25,89,11,29,60
89,46,57,8,23,96,78,49,69,57,13,2,65,31,66,40,91,21,11,54,54,41,97,92,68,4,13,13,96,89,14,92,11,24,1,63,50,54,46,76,71,86,61,59,56,74,24,17,82,27,18,74,52,68,99,53,56,27,53,2,79,0,85,72,71,12,89,25,42,38,56,42,69,33,86,38,71,6,32,88,75,52,80,14,53,24,71,21,77,23,72,2,13,62,14,17,22,50,13,53
49,17,96,48,6,32,52,75,32,26,64,13,7,89,54,93,63,60,16,80,66,96,28,85,31,88,87,28,59,96,21,77,1,90,9,17,87,81,34,90,28,60,64,35,61,12,64,47,50,77,3,66,33,88,67,78,44,65,4,65,14,60,31,39,28,46,2,97,36,33,27,53,52,51,26,1,2,64,44,2,19,16,33,65,26,84,9,87,65,26,48,40,73,79,28,34,99,48,77,29
79,51,67,3,54,29,91,15,12,31,75,90,86,52,35,38,5,84,47,39,84,68,60,61,32,32,87,42,79,97,72,31,87,15,8,67,31,88,86,68,9,7,31,96,69,3,24,2,86,40,76,74,23,20,73,5,68,95,90,50,11,79,48,52,58,70,49,80,57,63,6,75,33,58,83,75,64,50,70,35,67,46,53,49,84,45,39,27,79,31,53,29,55,93,97,73,95,24,24,97
81,26,91,71,43,19,28,64,35,99,0,92,70,97,68,89,14,81,89,23,9,73,72,31,48,36,3,33,16,23,75,96,54,28,89,9,51,99,48,9,50,73,94,14,93,57,25,68,35,12,9,66,69,98,25,49,15,6,77,10,77,33,35,85,33,40,35,70,54,75,16,6,15,81,16,71,99,62,95,92,11,59,8,78,77,54,1,59,44,17,97,87,7,94,54,16,9,88,74,47
95,12,33,73,39,96,66,61,46,0,58,36,56,67,26,17,44,9,52,92,3,49,2,5,53,38,28,57,35,78,7,29,19,58,19,10,89,14,71,36,77,11,50,61,20,66,0,18,83,37,58,70,90,46,1,22,77,47,32,11,35,20,80,27,46,39,64,69,78,86,33,62,72,61,54,95,67,74,34,6,59,71,84,79,18,79,37,64,36,91,34,19,21,90,41,70,97,92,84,76
26,85,56,23,32,6,7,95,51,80,91,44,92,28,25,76,82,4,2,84,30,25,79,50,2,38,15,16,4,70,35,44,63,48,36,43,6,77,69,84,15,37,25,90,93,56,1,17,29,23,17,94,35,30,26,25,12,23,77,26,4,85,39,8,61,63,80,2,15,40,85,46,88,55,18,52,1,17,35,6,12,58,86,22,73,39,95,62,78,89,81,51,82,44,94,12,86,2,36,24
2,67,92,83,60,56,59,47,90,30,93,61,47,15,57,61,13,46,74,96,77,35,3,73,53,5,14,50,13,82,49,5,95,29,83,6,1,38,53,85,68,82,4,48,74,46,26,77,13,88,31,99,27,39,13,63,24,1,99,50,79,80,96,48,53,27,36,10,16,81,88,20,62,57,46,84,77,50,62,82,63,3,82,31,67,66,8,15,28,23,27,67,10,20,98,61,8,20,75,62
11,13,97,38,22,40,35,15,68,35,40,98,59,23,82,50,13,86,54,96,95,72,92,45,82,93,59,5,31,7,26,85,9,60,63,1,19,52,51,34,99,93,11,7,49,42,39,74,81,13,38,72,42,88,32,48,14,70,61,6,95,70,18,76,45,71,22,77,13,2,89,18,11,49,38,64,36,52,76,87,18,68,97,34,49,22,76,55,78,37,3,53,18,75,95,42,15,63,82,5
41,32,88,58,8,54,8,23,89,67,86,73,53,28,42,59,64,4,4,98,48,56,61,54,68,93,82,24,71,25,81,75,79,45,42,7,96,68,53,15,80,70,0,17,2,43,2,82,9,34,77,71,82,4,80,79,33,40,21,26,45,36,47,20,66,70,65,80,67,93,64,22,88,55,91,48,93,56,84,59,37,65,87,31,89,5,92,75,87,19,26,38,53,8,81,14,63,92,14,1
93,84,88,37,10,58,56,28,0,18,68,60,24,34,66,74,83,95,32,36,49,33,63,35,0,30,58,17,45,61,64,56,74,82,59,17,38,54,21,23,87,53,1,7,71,13,88,43,78,31,2,24,40,7,19,99,21,83,0,52,59,27,15,58,65,51,83,26,80,25,47,78,93,31,95,39,21,97,92,96,44,8,32,95,30,68,79,65,27,53,40,38,56,55,2,14,67,63,60,27
24,33,3,78,29,6,63,17,88,35,76,26,92,94,14,42,70,51,79,67,80,77,84,31,22,59,77,18,84,14,4,14,71,99,85,20,55,4,95,94,46,18,25,39,14,47,99,25,12,18,54,36,62,72,77,95,75,22,62,0,21,25,9,9,21,20,98,98,5,54,29,99,44,35,23,4,87,43,54,59,27,18,76,28,68,22,94,47,33,19,14,66,19,74,19,0,35,52,81,47
23,68,91,58,28,80,63,36,17,54,12,97,84,99,46,41,74,94,16,49,68,91,31,69,7,93,45,74,19,59,48,58,6,55,82,87,38,53,33,94,58,49,69,61,9,87,10,58,66,36,72,85,88,56,57,0,82,23,74,17,70,72,76,43,89,9,78,71,33,66,81,86,88,98,11,69,45,80,82,73,18,17,9,8,90,22,74,51,74,56,67,12,17,95,64,30,9,9,0,10
27,91,7,99,75,36,75,57,11,42,24,50,71,19,94,31,74,84,52,38,59,28,99,55,75,89,11,9,87,31,59,96,25,56,36,84,73,51,87,71,55,74,52,52,82,12,59,30,27,44,95,78,36,63,79,50,59,90,3,93,77,77,22,75,99,11,98,60,68,77,50,73,24,45,78,74,0,88,18,58,22,34,71,85,53,56,2,63,85,27,92,31,0,94,27,8,17,42,56,5
55,19,5,23,30,78,14,97,45,39,68,76,50,26,45,99,86,80,23,16,84,48,81,27,23,52,73,19,15,62,82,0,82,13,47,15,87,11,18,85,64,67,41,78,50,54,9,73,38,35,83,26,72,97,45,83,47,74,26,62,39,13,53,17,16,15,92,2,90,22,5,58,32,40,10,99,99,90,80,8,50,54,70,45,18,80,7,77,24,36,96,16,2,19,48,62,32,71,11,66
33,86,18,38,31,42,39,65,91,35,44,50,68,87,42,80,6,72,27,36,61,10,52,2,10,82,59,74,51,89,48,1,8,84,76,52,39,76,49,98,26,68,96,88,35,33,20,16,7,24,63,40,58,74,57,97,38,54,35,71,93,47,67,92,25,6,68,85,35,41,89,50,49,61,6,94,31,19,50,48,21,60,57,91,78,96,75,91,5,82,20,83,61,1,89,61,37,70,52,19
11,29,95,90,88,35,63,22,19,69,57,22,67,97,19,16,81,31,45,72,52,7,12,89,88,37,25,32,59,91,91,91,28,61,88,1,61,84,16,75,24,13,54,12,33,76,93,90,5,50,5,4,90,11,15,71,58,94,49,28,90,30,36,60,90,8,46,96,43,33,79,74,50,65,0,7,46,75,4,93,74,82,74,17,2,54,22,86,97,50,99,83,62,92,0,66,99,47,86,16
24,89,10,5,28,16,0,53,0,94,16,29,32,25,92,37,68,30,76,51,85,4,78,5,51,55,53,92,55,62,29,74,59,64,9,24,23,68,75,65,88,53,59,42,35,21,24,57,60,92,99,25,45,89,83,87,22,34,76,99,34,13,77,51,25,9,88,66,80,75,34,49,21,64,24,58,41,7,43,22,40,43,76,34,48,29,72,62,23,36,77,19,31,20,13,45,4,99,19,37
74,61,36,67,74,90,28,45,16,33,19,87,94,47,84,8,11,61,15,30,26,98,28,57,56,60,63,62,75,62,65,36,80,35,60,53,63,32,69,82,38,88,78,24,95,30,76,98,93,23,18,44,41,18,25,21,6,54,2,96,52,16,38,87,39,77,55,30,46,43,12,83,84,33,5,49,89,53,25,49,64,30,91,92,76,99,7,42,28,73,86,50,27,49,20,18,60,2,46,50
72,9,75,62,80,57,92,15,42,32,6,60,34,47,70,27,65,74,2,23,12,28,28,38,44,16,28,77,92,66,53,39,70,8,7,5,17,50,27,31,8,60,89,98,26,32,75,26,61,90,0,52,40,81,34,58,98,99,98,99,15,57,39,32,56,39,10,88,6,19,11,49,66,48,44,38,39,28,72,79,39,29,64,57,95,98,51,57,80,72,25,20,88,43,20,88,27,90,83,1
28,98,24,69,89,0,4,52,11,53,59,44,57,85,43,84,34,13,24,52,18,89,34,51,24,22,89,4,28,61,85,71,70,10,78,92,36,16,64,89,92,95,39,95,94,22,28,50,89,45,75,14,76,58,60,58,18,19,80,96,77,36,48,20,21,80,14,7,43,12,5,92,73,72,85,7,35,90,84,43,92,82,25,40,33,79,77,82,16,57,53,72,51,48,41,31,13,26,63,62
33,74,9,73,1,82,79,97,11,36,11,48,93,97,96,35,96,38,66,46,0,2,10,58,50,69,71,70,58,66,36,17,74,34,83,89,50,5,71,32,16,16,90,49,85,22,36,56,4,97,90,17,76,2,22,13,51,53,80,28,91,86,93,65,39,8,2,76,55,69,61,3,20,45,95,39,20,32,90,52,61,84,28,84,56,48,32,17,69,61,90,23,61,21,12,61,20,49,97,19
5,59,65,41,67,99,59,19,50,35,21,83,44,39,85,81,31,29,56,8,79,76,64,26,94,72,88,14,86,40,42,95,93,5,22,43,45,46,0,75,44,81,61,78,54,19,80,76,55,67,76,37,17,13,71,20,92,78,30,98,4,7,62,82,85,84,26,39,99,88,45,85,20,11,56,56,20,58,5,53,50,76,23,79,33,72,21,38,95,77,33,16,45,28,34,84,79,77,55,32
81,28,69,30,64,19,0,27,92,21,33,44,76,57,9,70,45,49,32,3,48,6,98,84,60,52,39,12,33,96,86,97,21,24,14,47,89,16,13,10,62,85,7,37,53,16,11,88,57,1,73,64,58,38,97,99,63,27,60,67,60,42,34,38,5,74,53,22,61,24,48,28,61,48,81,44,31,0,58,12,72,43,2,35,15,14,80,99,36,43,63,56,74,44,93,97,99,54,44,22
53,15,7,79,52,11,72,60,58,35,57,27,21,96,49,94,75,51,23,61,26,68,88,39,90,83,30,43,30,94,79,20,64,92,17,40,14,37,62,24,15,45,46,98,78,24,0,99,68,65,83,28,15,5,81,50,80,6,18,0,18,22,66,64,55,0,66,8,31,49,90,36,67,26,93,90,31,44,28,2,57,84,14,85,64,58,95,90,83,98,27,53,38,98,40,7,90,58,0,23
90,77,73,57,78,83,23,56,53,58,11,45,81,55,56,52,99,48,97,5,2,37,17,99,60,90,93,8,69,11,43,72,92,19,68,30,28,92,31,83,70,90,98,43,8,75,18,94,89,75,43,57,93,40,22,44,23,87,83,18,42,52,61,51,1,52,15,42,80,23,16,78,94,46,5,23,93,13,35,40,58,24,29,11,19,95,47,56,45,42,24,91,37,38,19,62,3,36,6,81
80,91,79,60,99,78,50,20,24,38,48,26,84,27,37,8,87,66,70,75,2,22,13,21,65,5,63,17,62,49,41,83,34,51,78,14,8,80,38,61,80,49,23,13,81,40,52,8,32,40,4,27,74,79,3,83,37,99,70,3,56,71,27,55,35,98,98,4,14,36,90,42,7,81,22,13,38,89,14,19,76,49,12,77,88,64,83,54,88,58,35,86,55,3,66,51,14,81,46,47
30,60,59,63,0,3,69,41,47,73,45,14,2,32,35,99,82,20,90,87,63,71,90,69,30,7,22,85,47,0,91,44,68,85,23,76,56,69,54,2,16,14,65,41,37,32,49,83,10,51,46,27,3,3,15,47,38,72,24,86,97,31,30,3,43,77,5,36,75,15,67,64,25,96,62,36,57,84,56,97,68,96,31,43,12,51,39,15,82,46,86,56,73,8,47,86,25,66,40,83
7,4,44,98,84,84,12,74,60,79,82,88,69,32,81,55,82,20,4,48,78,61,60,95,35,20,89,89,42,31,71,90,35,74,24,47,81,66,18,87,63,4,88,45,90,19,18,99,19,55,78,35,34,78,74,28,27,97,4,2,46,57,67,81,97,91,25,38,67,72,48,86,44,11,73,96,64,74,15,77,47,51,68,16,52,68,21,40,84,69,79,39,94,36,83,98,53,36,83,0
31,91,73,43,54,21,92,38,72,42,52,31,98,49,5,81,30,4,6,80,6,29,84,5,3,3,74,94,95,78,66,5,23,37,69,71,17,95,0,74,49,29,62,67,5,8,15,32,68,29,51,33,84,76,33,42,87,71,27,30,61,32,66,24,5,24,5,58,95,35,43,35,5,13,2,90,19,83,65,47,22,44,22,77,46,36,17,35,66,15,74,74,89,25,34,44,62,90,96,53
37,96,69,23,58,34,55,86,79,2,32,88,42,52,33,6,65,77,8,26,60,77,10,80,67,98,22,19,72,91,17,56,59,70,56,74,14,16,92,16,80,66,41,37,1,15,83,38,66,56,27,58,83,5,77,90,35,34,22,46,23,18,68,5,85,33,90,1,68,35,18,29,99,91,62,4,58,87,11,42,9,80,15,14,32,16,2,12,80,99,87,18,62,98,72,35,3,23,39,64
53,35,88,82,36,22,1,75,27,94,29,9,37,83,82,32,26,94,5,96,2,41,66,49,62,68,23,35,39,5,90,1,93,39,80,55,45,7,43,77,45,12,60,26,28,44,46,22,34,34,74,31,12,15,16,33,74,22,32,77,0,79,72,90,64,96,15,83,56,57,32,14,64,46,80,39,82,43,26,34,56,62,88,91,58,41,9,0,18,51,41,66,94,74,30,45,67,87,75,35
99,63,27,53,48,26,32,44,88,72,28,16,66,66,32,55,36,95,20,91,37,54,45,88,0,45,77,59,68,25,55,74,93,64,46,5,65,2,36,85,47,67,12,16,98,89,75,39,11,82,35,8,25,60,41,7,70,90,33,95,64,63,72,35,11,18,76,7,33,80,75,35,27,71,57,60,40,21,4,32,33,9,33,7,83,86,76,12,62,10,3,23,91,67,96,14,46,32,73,73
19,77,85,64,94,42,35,55,68,1,95,20,20,97,78,25,36,54,47,28,0,94,69,59,87,3,79,36,77,98,81,85,9,60,49,97,20,61,75,2,10,37,54,6,58,14,83,16,54,75,93,39,8,9,51,25,73,45,98,89,39,86,21,42,63,4,12,94,61,15,0,83,22,66,75,89,16,68,50,52,96,83,30,21,65,29,10,52,2,46,67,78,82,7,15,85,1,45,51,32
43,43,81,49,22,13,10,7,95,47,24,94,96,17,15,29,61,75,87,36,43,53,20,57,80,99,23,51,52,46,77,99,77,94,99,35,39,63,83,28,67,39,89,71,96,27,22,92,57,31,19,93,8,51,60,11,85,56,22,36,94,17,80,74,98,74,52,98,3,66,61,43,28,88,78,58,31,70,18,7,62,97,52,96,14,12,1,17,3,59,67,61,37,30,65,57,36,60,76,56
59,3,60,1,91,79,22,34,71,21,20,33,72,54,94,69,53,76,4,11,4,63,63,56,53,89,79,76,9,94,73,19,76,98,28,55,93,56,79,50,39,59,54,91,14,80,1,90,83,94,5,9,3,55,74,32,96,94,6,11,52,44,28,63,56,17,31,20,97,3,41,75,87,17,64,91,99,3,3,90,11,37,6,84,83,62,62,8,38,88,96,88,94,50,22,18,1,1,73,28
96,93,44,94,77,97,94,22,88,91,0,57,91,96,75,55,67,15,75,22,26,32,76,11,89,22,34,41,88,75,41,55,6,25,23,14,99,88,17,67,55,91,14,13,3,51,46,8,56,51,94,19,2,83,94,1,77,60,67,59,83,40,2,82,13,12,36,42,93,68,45,34,81,13,61,85,49,31,1,53,94,87,57,99,64,79,96,23,14,18,59,29,2,14,91,74,65,28,48,67
50,39,79,38,65,66,14,66,39,88,85,30,37,90,60,19,95,39,77,16,32,15,54,6,48,6,38,48,68,54,19,38,69,15,90,58,48,3,87,50,57,29,95,37,98,26,76,6,56,71,86,62,31,40,55,83,20,61,12,91,90,66,77,67,9,54,14,65,50,91,34,40,49,18,7,37,81,11,70,42,34,2,23,73,41,32,42,80,46,84,35,58,77,68,4,84,77,10,31,48
24,68,28,33,17,47,86,86,91,71,8,20,20,99,12,92,62,78,51,60,73,66,12,0,44,62,11,16,55,64,88,56,81,25,23,62,79,23,57,65,43,53,72,6,36,49,87,2,99,80,20,94,22,75,78,99,79,28,28,93,16,77,30,58,78,92,4,58,50,21,0,42,89,91,19,61,18,92,94,17,74,77,87,4,86,50,76,31,11,48,64,21,77,87,18,0,60,65,69,89
19,67,47,81,79,8,60,18,88,57,74,8,42,0,52,98,33,71,26,69,47,76,24,5,26,61,96,37,83,14,46,54,90,26,45,46,22,68,19,52,0,75,87,37,76,49,7,71,78,91,66,92,8,81,87,13,12,99,49,36,21,46,35,20,24,88,86,24,72,9,58,35,23,77,10,0,22,59,98,6,59,69,78,11,46,91,80,86,64,44,18,78,62,97,76,21,80,36,6,41
3,48,37,38,85,84,22,73,63,38,73,34,68,28,4,43,5,72,80,65,43,12,62,53,79,19,39,40,14,27,88,14,92,56,67,21,63,48,7,7,57,5,48,46,83,1,6,37,40,81,32,7,4,21,76,17,7,45,45,83,29,58,59,21,39,33,96,9,42,9,37,44,22,47,35,49,59,2,83,45,91,89,92,22,20,63,24,40,92,78,49,2,94,22,36,28,77,48,77,46
75,73,57,71,83,73,52,94,53,11,61,93,5,12,27,7,42,57,84,68,72,96,55,89,70,27,94,55,67,46,80,27,71,1,84,77,18,5,41,74,94,18,87,81,71,70,52,5,7,9,1,96,13,2,91,13,14,4,6,96,35,77,32,53,40,48,4,15,25,2,35,0,65,53,25,14,49,39,88,78,89,40,65,68,39,69,29,22,92,84,59,30,35,21,65,55,60,56,78,25
46,72,38,26,36,86,14,49,37,67,95,87,43,15,30,92,33,42,12,32,57,48,94,27,70,98,69,7,98,12,28,87,44,89,58,49,48,12,29,32,83,16,77,37,38,80,64,29,41,6,20,85,27,14,41,29,94,36,5,52,28,17,15,81,13,72,5,30,54,68,54,25,18,56,29,19,36,28,99,19,35,3,37,28,7,69,40,7,70,28,61,8,47,85,5,89,7,42,76,99
28,41,48,42,5,42,75,35,6,78,81,48,75,96,79,89,14,90,46,80,80,84,86,72,75,9,44,66,46,52,90,52,28,62,99,7,42,13,65,54,17,76,78,16,48,96,23,18,51,67,90,8,8,29,77,56,8,46,87,80,65,85,13,20,80,87,93,41,5,76,38,31,88,17,0,4,57,67,34,40,78,10,74,63,1,44,72,71,31,66,52,67,75,32,64,7,47,80,79,99
10,81,18,91,14,12,66,74,61,8,97,63,44,3,60,25,56,10,69,75,87,57,98,41,4,60,23,97,0,22,36,82,7,37,20,30,50,18,64,44,44,82,44,67,70,84,99,11,40,1,50,29,2,43,26,69,31,3,20,47,94,56,30,58,96,1,22,97,19,70,96,9,54,81,89,80,72,30,58,42,5,55,95,46,96,39,60,80,40,14,30,2,0,7,11,83,10,32,42,77
64,34,93,51,52,45,36,73,78,40,4,69,44,91,70,32,93,29,49,42,35,38,41,92,35,55,1,64,80,30,18,39,73,10,9,72,99,53,20,53,79,28,3,84,0,36,20,28,14,36,44,5,57,17,16,13,30,29,96,96,35,89,94,33,59,96,75,2,29,86,66,24,81,23,46,37,6,55,82,18,38,81,75,20,84,86,67,10,18,13,83,25,57,59,45,58,71,32,96,94
59,35,90,79,28,49,96,75,52,70,43,88,96,49,0,17,68,85,26,75,62,68,46,67,56,74,32,74,1,47,26,34,50,87,5,27,51,11,37,0,39,21,42,68,63,64,55,61,98,2,36,92,60,20,67,31,29,0,41,43,85,86,43,27,30,2,46,33,5,8,37,6,46,97,88,64,44,62,25,50,7,37,76,4,3,7,91,8,99,83,72,34,92,65,71,6,17,95,60,92
45,4,81,60,17,86,64,94,46,99,87,44,78,31,97,44,23,61,34,55,25,61,82,53,82,17,85,5,76,57,88,2,42,67,84,89,49,3,9,97,7,33,21,65,92,51,64,37,79,60,79,35,40,17,37,40,4,19,3,95,93,76,84,39,23,20,69,71,67,26,90,7,76,70,18,81,67,63,54,59,75,57,71,20,31,23,91,51,5,13,44,51,61,8,36,15,46,22,58,99
88,78,30,30,3,54,29,34,6,40,67,41,14,2,41,96,86,57,61,4,35,4,48,63,1,95,29,53,94,2,24,4,98,30,14,37,26,0,40,21,87,86,69,60,2,22,46,59,71,55,2,89,33,29,92,21,27,7,32,28,43,61,89,65,9,40,95,61,4,68,87,71,61,85,26,55,10,85,87,16,21,33,15,66,4,15,1,97,39,47,1,60,49,78,55,12,78,38,11,79
21,62,64,31,59,79,30,28,99,62,75,31,80,71,93,13,44,49,16,95,94,0,13,87,40,84,25,81,1,31,92,62,13,56,74,94,82,67,50,80,79,52,92,76,60,93,69,75,99,51,9,45,35,89,26,38,23,49,20,8,16,64,28,53,73,42,86,56,47,50,1,94,88,90,41,14,29,26,89,98,26,42,59,33,29,40,44,61,61,79,62,59,26,95,87,73,49,48,30,22
0,55,28,32,93,49,5,59,41,57,21,22,71,83,58,99,68,22,48,47,40,7,28,54,8,91,33,32,58,37,39,2,23,94,40,97,2,16,66,82,42,5,68,9,0,32,57,5,11,96,90,11,30,86,42,31,46,96,15,15,52,1,6,62,48,67,44,71,68,1,92,8,5,49,42,6,11,50,81,69,25,26,14,16,30,10,30,52,61,81,15,13,96,6,98,43,8,76,23,65
71,67,98,17,85,81,63,3,35,69,65,28,56,4,72,15,17,11,36,69,17,6,23,53,24,84,70,47,92,39,48,6,9,73,35,38,23,19,63,95,59,77,73,61,36,87,1,48,21,49,31,29,33,51,33,74,13,13,2,8,75,23,26,9,14,39,49,60,87,25,87,58,23,35,56,32,15,97,63,78,52,90,82,50,45,51,76,8,94,41,32,92,24,87,88,66,7,7,36,18
33,10,76,11,64,84,93,71,52,93,54,13,38,47,10,57,73,47,70,69,23,45,48,72,74,64,95,63,23,51,98,45,41,49,69,6,96,13,78,90,19,66,66,71,29,77,80,18,2,6,70,5,15,31,67,61,45,52,33,3,83,55,68,87,93,80,95,98,21,63,64,34,84,69,97,14,14,86,5,31,34,99,82,72,22,41,55,85,6,56,37,10,74,80,66,74,5,43,16,59
98,86,85,16,9,81,54,51,20,20,32,76,67,6,18,83,41,33,60,23,87,75,29,30,28,4,58,25,67,71,28,29,57,11,26,52,68,45,76,63,19,45,8,37,17,6,11,83,63,40,98,39,43,29,9,28,7,86,84,90,35,90,72,29,96,48,36,7,9,11,33,41,57,51,41,96,18,93,13,91,95,35,64,69,59,72,65,67,26,51,45,74,53,80,21,39,58,6,71,4
20,29,5,57,51,92,23,16,95,91,44,52,93,24,80,74,88,9,85,92,78,21,11,8,34,88,4,57,87,97,56,34,3,24,32,60,56,12,80,96,90,95,59,36,80,32,26,61,79,15,21,40,33,39,57,34,57,52,30,7,98,45,83,53,54,77,23,9,73,47,83,75,49,28,75,79,92,37,79,71,86,97,29,63,98,15,13,32,49,47,79,51,44,67,33,83,92,98,54,18
26,69,5,92,44,19,67,3,32,77,66,74,4,37,30,83,67,7,11,76,42,42,82,11,70,56,84,13,43,62,3,44,98,69,63,56,73,21,63,24,61,17,98,56,68,54,72,17,54,70,66,83,24,71,30,48,32,62,53,39,44,81,16,2,52,20,67,57,59,37,50,71,87,61,63,60,92,79,18,69,12,48,86,61,57,24,38,6,76,86,42,35,57,87,41,29,51,63,22,58
20,77,35,22,82,13,73,59,43,48,10,7,49,75,6,37,8,63,73,79,87,27,51,2,54,28,33,43,86,91,34,22,64,13,40,63,63,98,47,59,39,89,24,28,82,33,65,25,32,79,14,37,80,7,70,4,17,93,55,79,52,61,73,96,7,36,42,71,84,46,46,45,61,4,21,17,71,31,40,62,26,62,42,56,5,10,38,97,93,96,94,97,88,57,99,81,53,39,40,12
24,55,10,8,88,16,61,63,10,26,41,50,76,46,20,27,51,28,49,24,65,29,23,3,61,1,39,80,10,7,70,34,30,80,16,53,97,1,91,9,45,18,33,71,83,63,13,38,13,3,42,38,61,84,84,63,22,3,54,74,57,41,8,61,36,13,87,8,90,75,46,2,36,27,26,63,88,45,44,98,9,2,29,20,17,88,69,7,46,32,5,24,5,11,25,1,43,44,97,33
