229655942,226649075,322373332,309483550,190158833,273967682,257655741,282060152,357995716,274302129
171176881,161108336,236401344,259098844,141490716,197281464,205268032,233126100,266000778,270545147
184445134,133896163,277317807,272873231,138275335,203457607,204464509,218173318,338878888,288970725
205969202,174905680,367362871,356036811,183400804,252846300,256436310,253608693,378712481,314049506
241318072,194903252,282495209,274560576,138398351,244477124,243502274,225449107,322467637,238245175
197597545,180249490,250226965,198973130,127190059,210948523,177271714,216671861,286706320,188475315
219020534,250904110,310518253,278545070,152550262,243331064,239584777,252713417,291377726,269076256
196987385,170598526,334840103,264925748,121383998,217957558,200933554,261563606,249579992,253879066
321862412,240708494,389474521,348136654,204140933,346541315,299539529,344744653,421473917,280957234
175163249,235843732,368416424,309370931,158447592,207677490,269210222,305217960,285550276,284537433
