203873812,206503184,295681184,236141740,354881767,308649603,330139677,404522538,351658394,276949221
202775847,128490900,212855092,202162127,256047760,227570441,204935457,312991227,254725714,229607669
142543605,147372849,208758284,172880598,207328276,200101387,247880691,285215104,230324123,216590288
283175885,243456168,291308820,261062701,317632280,252399859,349803556,339784751,321897729,298549115
144907478,141479101,235071980,190570622,239587108,204999033,254617218,278652169,269548426,204047894
216571851,152519706,162660002,152335830,305596610,205676196,277624842,335469924,239854847,262694226
171436021,113398612,166292200,160235385,230380172,176526508,184219647,285943447,170143961,165684759
218896429,165360670,266591133,247261178,267123902,251981840,311499148,344656867,305678845,292374006
200338095,163944018,198245200,189131529,289322280,229707002,275479663,290458412,292485400,272172709
150960183,144979733,191105887,186524068,233567645,148060997,207177873,206193572,224279354,157444489
