64,79,97,1,64,45,68,97,7,16,71,84,56,17,4,44,63,66,1,10,51,66,87,80,39,66,81,96,75,48,39,63,56,26,53,8,5,77,55,34,81,91,60,14,84,41,30,10,72,71,90,41,73,64,27,1,83,16,10,84,44,34,9,56,2,43,63,30,97,78,99,94,80,89,30,85,10,27,59,37,7,70,3,5,66,39,81,88,31,2,36,50,33,51,72,53,38,99,22,99
74,53,22,42,16,55,29,69,99,6,46,48,44,16,60,54,35,18,20,50,54,94,37,51,71,74,11,31,68,84,50,3,10,88,59,26,86,42,45,67,39,67,32,98,25,36,51,47,94,22,45,35,93,39,35,12,59,73,71,70,64,21,70,13,39,18,8,97,98,72,84,98,46,65,71,19,73,83,69,96,61,29,19,6,55,86,60,92,57,83,44,27,41,31,95,82,82,57,58,87
85,62,85,83,25,49,32,20,87,75,66,64,23,45,27,82,0,86,60,51,38,87,1,21,97,92,13,13,76,60,5,91,59,29,80,70,95,90,66,67,55,15,71,74,26,60,76,36,81,78,80,60,11,44,83,6,76,6,80,29,38,40,30,78,91,39,11,99,9,92,53,77,27,31,74,43,67,39,56,89,42,56,29,51,98,67,13,59,89,13,65,73,91,67,67,54,87,14,44,75
0,47,58,80,18,33,72,14,81,48,54,58,79,7,32,3,59,24,93,89,62,32,72,44,11,93,49,42,18,32,18,83,52,17,6,5,94,33,58,74,2,39,32,40,75,59,19,69,0,86,28,63,3,27,56,33,73,29,92,32,94,10,27,44,82,98,77,30,49,18,78,22,14,83,93,93,91,18,87,94,47,84,23,2,77,8,91,5,3,78,58,43,7,67,28,58,66,16,38,88
48,40,14,30,39,4,7,67,22,8,30,50,96,61,55,88,50,71,1,92,40,54,26,60,42,73,57,96,26,77,62,47,74,39,64,78,77,71,45,43,93,61,70,94,35,76,16,76,99,27,27,85,28,84,87,77,17,87,53,98,23,44,39,24,17,93,34,64,3,29,40,61,55,83,65,95,99,11,65,66,71,42,69,61,3,38,57,73,61,80,67,50,4,21,81,8,18,36,57,8
16,63,79,51,27,13,82,16,46,78,59,85,26,97,68,98,28,94,63,25,43,55,55,8,57,94,6,4,15,12,42,35,10,5,9,17,69,31,32,2,93,38,56,69,91,72,82,80,18,93,28,15,68,97,69,93,75,90,68,71,99,25,94,19,23,81,98,0,61,43,31,79,67,48,9,74,91,18,36,94,24,98,69,60,44,91,56,79,97,40,38,67,33,59,19,25,67,40,2,16
99,69,85,12,10,0,42,3,67,39,96,73,38,39,69,12,81,56,34,1,11,42,15,88,24,55,42,76,12,28,16,79,6,58,92,49,71,80,98,24,82,28,61,37,3,7,42,24,75,27,46,99,56,28,15,40,17,34,83,13,48,94,26,75,12,96,26,70,3,98,42,41,55,89,27,80,20,77,44,88,9,27,25,41,97,81,47,8,83,50,15,66,6,73,58,96,51,0,41,90
73,1,97,72,85,7,58,89,26,17,2,5,14,76,86,38,78,80,96,70,77,16,63,37,54,45,49,73,47,65,54,39,5,74,6,19,61,13,70,78,2,30,19,28,61,99,6,5,87,58,56,31,95,68,50,12,30,20,85,38,49,77,38,77,48,38,15,53,38,31,97,97,99,79,16,52,56,26,27,8,47,33,34,4,15,36,1,85,44,43,56,91,79,84,25,9,16,13,44,20
71,38,66,6,87,64,63,78,28,63,59,39,39,50,20,30,54,47,46,54,28,84,58,40,84,3,28,2,99,50,98,12,89,78,63,23,95,56,39,9,12,27,17,69,42,80,23,13,72,71,63,89,53,85,23,16,24,2,83,42,26,90,26,4,1,11,87,3,41,64,58,58,5,7,92,95,63,15,96,19,50,63,3,24,50,59,69,80,17,17,43,46,99,3,2,53,30,37,78,95
49,65,42,9,15,30,76,46,96,17,67,22,91,3,85,95,56,71,71,36,85,81,97,32,57,32,37,68,47,87,59,89,91,39,97,1,81,18,57,36,28,56,29,67,74,25,8,24,47,58,64,93,44,71,52,38,43,56,93,1,30,0,21,64,22,49,42,99,54,40,71,97,5,0,42,59,42,0,31,26,13,42,88,47,36,98,81,9,43,44,19,75,27,77,44,12,72,88,43,59
75,72,13,6,50,44,91,87,11,98,62,78,90,71,19,57,81,13,96,3,12,73,67,1,97,10,65,87,42,8,86,31,59,35,50,62,5,59,53,75,33,85,80,25,97,30,26,91,57,99,40,97,38,90,29,50,11,70,11,12,86,32,82,37,73,68,65,90,53,75,21,69,16,77,67,54,83,34,22,50,2,32,1,35,76,75,93,94,77,16,6,15,59,46,13,31,39,86,58,41
16,23,60,6,91,36,34,35,26,66,45,84,92,13,93,11,52,22,50,97,55,60,1,87,26,31,0,53,15,97,44,99,72,41,79,44,11,69,7,45,71,54,32,51,48,74,95,77,31,12,12,66,48,73,48,22,58,89,83,43,22,79,4,83,61,12,99,16,29,98,56,51,15,4,6,92,35,94,1,87,89,82,95,55,61,77,43,57,75,34,88,47,6,83,88,18,17,71,77,54
51,73,78,50,7,51,7,31,55,84,43,30,61,58,4,82,27,52,1,93,86,68,46,46,64,56,93,36,16,7,87,32,47,51,57,95,88,51,67,31,80,12,76,7,55,95,40,35,99,96,31,73,28,72,49,79,92,45,4,38,94,87,96,13,55,14,76,16,73,77,93,65,20,16,58,64,57,65,69,64,27,78,43,13,30,71,82,93,97,93,9,87,70,8,68,17,87,26,59,48
76,27,31,86,45,2,52,97,45,86,66,65,27,25,86,56,93,77,86,70,1,59,50,76,93,63,38,54,60,22,6,71,92,99,18,95,98,47,81,59,86,26,49,52,23,44,31,47,90,78,73,38,81,4,12,21,14,17,86,36,84,52,42,46,40,68,2,62,57,26,49,63,80,76,98,74,70,17,4,11,10,97,37,79,70,93,66,80,10,2,68,52,74,91,86,27,71,23,55,44
72,67,49,45,4,89,79,14,77,82,16,59,4,48,4,89,94,51,45,36,33,62,68,73,33,76,70,94,33,48,92,89,0,66,81,40,82,45,97,83,97,84,77,88,96,81,11,68,1,79,64,3,69,56,36,29,5,36,39,26,11,32,88,57,76,54,34,33,41,17,43,81,65,24,50,31,68,13,37,90,94,82,85,15,9,31,23,32,20,32,28,2,45,70,27,36,56,98,32,87
85,64,32,29,81,78,28,55,37,28,14,96,99,41,94,97,12,80,39,95,51,88,51,43,46,30,67,28,1,55,29,85,24,85,15,49,54,20,40,45,2,17,56,55,19,78,35,3,89,89,61,78,33,64,26,34,83,92,80,64,43,36,3,32,94,66,68,22,92,8,91,86,94,31,34,12,70,58,48,31,90,99,95,76,92,81,59,56,28,88,19,1,75,9,88,69,2,19,50,22
54,60,35,78,77,84,62,37,11,77,84,64,79,33,85,84,3,62,43,26,73,63,84,64,68,26,48,30,30,7,14,43,92,9,33,52,43,8,24,3,73,39,67,8,5,23,81,3,58,31,46,42,46,15,4,73,61,15,41,37,89,37,15,71,54,2,74,68,83,72,18,65,6,82,44,82,77,14,92,94,86,96,92,95,25,99,41,65,49,5,36,86,6,47,83,21,65,15,77,35
90,85,3,14,64,28,4,24,71,16,68,70,13,89,42,49,93,90,23,25,64,46,69,21,0,72,98,23,56,69,51,46,78,10,17,18,12,2,84,84,19,30,81,35,51,79,57,79,10,69,42,71,13,76,17,72,33,43,66,66,37,64,33,14,86,19,90,80,95,38,38,41,72,63,99,16,72,45,12,27,89,0,83,86,35,28,6,67,46,64,15,97,7,91,2,43,1,30,29,87
91,54,51,91,42,80,66,39,32,60,58,55,9,89,94,41,24,59,38,3,38,43,57,96,38,77,39,67,46,48,52,69,52,37,9,76,86,1,46,4,26,0,28,22,23,96,40,94,67,88,23,57,4,68,5,18,52,77,17,75,49,68,13,40,64,45,96,0,24,13,77,82,39,33,64,25,66,69,81,43,4,38,80,14,34,28,27,77,21,43,33,90,58,51,20,87,22,84,81,78
11,58,41,75,68,75,75,11,45,53,1,60,20,10,18,11,13,64,23,1,42,44,2,65,19,62,74,63,9,33,99,10,49,98,97,14,18,10,98,44,23,80,10,82,50,32,22,80,8,36,30,17,55,83,82,45,45,87,15,78,1,44,35,47,92,59,61,51,80,79,66,90,47,47,83,78,93,90,27,34,44,26,46,0,67,88,61,81,65,70,17,30,6,49,91,24,71,14,45,80
56,20,24,72,5,17,68,44,56,92,10,10,44,13,87,75,15,26,71,1,21,87,41,39,62,26,61,5,62,23,80,5,39,59,2,50,13,63,65,43,71,36,94,63,27,49,92,94,5,29,99,53,67,9,39,63,41,12,99,45,59,99,92,89,71,16,36,2,84,0,8,5,93,94,46,77,4,29,16,50,18,9,10,59,8,81,60,16,8,68,94,69,21,77,96,75,2,58,2,54
91,60,50,52,44,73,74,9,46,29,89,85,2,95,85,45,79,63,86,64,30,18,85,58,49,96,19,30,16,79,97,47,20,82,26,54,71,8,44,67,3,99,90,41,11,80,15,61,13,75,0,53,47,67,56,66,14,61,0,12,70,2,35,17,78,6,53,13,12,35,62,27,52,42,60,54,96,81,23,48,60,55,82,87,2,4,1,70,89,75,11,51,9,17,7,32,65,69,60,4
73,96,54,45,31,43,19,37,33,12,14,44,41,89,84,49,42,19,23,60,8,19,57,40,37,39,81,25,2,18,8,25,50,40,35,37,45,25,72,5,84,84,37,12,57,44,98,81,79,98,8,95,48,61,33,27,68,87,55,40,95,77,18,25,82,76,65,86,49,38,98,83,56,31,65,74,14,83,29,77,10,97,41,76,42,9,6,47,89,93,82,78,90,83,58,9,32,92,21,99
53,35,5,48,69,26,9,87,7,21,67,40,76,32,95,35,28,41,71,81,53,97,82,82,99,41,23,53,72,49,14,95,73,52,33,69,62,21,32,69,66,56,62,0,99,58,6,22,43,95,46,25,58,89,42,97,88,40,54,62,97,5,4,62,87,22,79,3,72,3,70,19,91,58,4,5,75,98,9,32,35,76,34,53,20,51,50,60,27,76,52,92,63,71,39,61,14,16,83,97
15,7,14,6,55,12,84,73,61,82,91,91,80,80,32,72,13,34,49,18,58,60,21,63,59,50,83,99,57,82,86,35,54,51,79,37,74,47,72,29,51,88,99,11,94,65,75,0,95,86,95,64,39,25,7,79,53,98,18,19,36,61,58,43,69,91,89,6,11,41,63,40,78,22,93,35,5,1,79,65,91,7,23,35,45,72,71,95,33,28,96,92,89,97,26,82,0,47,47,14
40,20,50,42,46,82,88,39,92,38,78,6,37,10,13,3,30,48,60,25,72,98,85,2,51,16,51,19,27,49,30,15,48,58,60,82,3,63,41,29,40,27,62,82,67,89,37,81,84,72,60,34,15,50,96,9,66,99,46,94,48,94,28,54,78,18,48,61,69,37,19,46,44,16,93,72,75,22,84,15,24,89,34,36,15,5,44,15,20,46,44,76,90,97,3,45,85,69,14,57
58,89,6,3,50,19,43,1,96,75,82,59,16,12,72,17,52,82,94,32,13,77,51,91,50,77,22,75,48,71,70,9,92,44,86,72,94,61,58,2,97,59,30,39,5,38,85,44,21,82,63,90,12,98,54,22,60,52,82,81,7,91,15,41,93,10,12,60,17,64,40,69,89,18,20,97,12,10,83,59,0,4,87,92,29,35,43,9,75,98,92,94,44,10,86,80,84,78,85,64
3,28,16,25,91,51,10,93,18,33,13,12,2,68,44,69,33,36,33,44,65,61,1,51,76,78,92,88,53,89,71,80,6,24,48,96,98,49,54,85,20,42,49,33,10,82,51,20,83,96,59,40,63,33,18,20,84,11,46,26,1,32,18,29,83,59,24,78,12,47,52,82,93,38,88,75,93,35,70,30,92,98,3,82,27,13,26,96,89,17,16,9,58,80,79,74,9,88,61,56
96,28,95,72,81,95,11,98,3,83,75,26,78,20,63,54,23,43,83,49,90,30,50,20,44,29,55,45,13,16,92,96,30,28,7,52,17,63,53,62,58,21,40,35,67,85,39,65,3,81,28,21,96,19,29,89,64,11,56,93,71,34,71,9,5,50,12,67,70,73,0,32,58,57,92,50,67,80,79,11,77,93,39,45,88,77,49,38,68,41,40,95,27,28,50,1,74,45,16,89
32,70,90,63,26,7,93,24,80,29,95,26,99,91,79,49,49,11,11,72,20,8,35,98,83,25,55,34,28,71,80,51,93,30,22,93,76,50,21,77,6,34,82,79,79,64,52,32,91,45,63,13,56,58,92,20,78,59,67,16,30,51,71,14,73,54,80,21,18,55,33,2,83,31,39,34,28,77,13,56,12,6,80,46,65,18,86,40,43,73,18,81,17,23,8,2,91,42,78,68
88,41,57,12,32,25,50,38,87,81,73,75,53,83,63,46,47,96,78,2,48,50,32,11,79,33,30,12,94,78,21,93,35,3,40,57,42,7,1,78,9,29,31,27,94,29,5,90,4,47,13,11,18,71,21,92,30,15,21,46,66,70,26,58,81,7,80,62,66,44,61,68,31,48,62,44,88,38,40,56,54,1,78,89,57,14,53,92,30,33,17,18,80,14,49,39,37,18,76,20
37,23,28,4,19,56,43,49,4,0,50,52,58,60,54,22,9,42,41,5,82,20,25,12,27,36,93,23,26,42,78,84,36,91,60,86,22,11,43,49,5,79,36,23,22,70,11,23,70,12,1,55,38,65,89,79,20,16,98,57,52,21,36,32,27,19,78,19,68,99,15,50,43,33,44,47,96,77,15,7,85,57,2,47,54,31,93,7,52,84,84,31,21,50,64,99,37,87,54,81
93,57,2,80,0,55,73,95,26,89,83,80,2,12,56,47,47,44,85,13,80,47,18,48,65,1,38,76,23,50,24,43,21,22,50,97,91,82,36,90,20,18,8,45,16,75,29,70,57,76,75,70,93,66,43,79,17,71,76,5,47,83,62,55,50,77,33,34,68,58,87,26,54,52,53,20,98,51,89,25,2,80,95,23,23,17,42,15,69,94,6,96,27,76,71,1,9,73,53,13
80,71,6,25,32,52,72,61,98,35,89,91,60,29,98,81,30,68,48,21,39,15,41,36,8,15,29,59,28,57,1,79,36,25,23,82,76,94,71,57,88,47,84,75,78,96,59,32,55,80,48,50,96,17,4,2,19,30,21,0,45,52,82,44,67,41,16,96,69,8,59,53,22,80,37,27,63,36,40,80,80,49,19,65,79,18,49,31,2,84,92,12,55,43,19,35,30,75,73,84
60,86,73,75,62,65,16,33,92,49,30,67,21,75,73,39,46,75,74,95,36,47,37,79,71,10,53,22,70,89,55,46,19,60,74,48,7,83,76,29,92,68,21,85,43,83,51,92,64,26,45,44,10,50,56,67,21,72,99,37,16,46,1,56,63,90,48,0,22,74,84,17,23,58,74,30,42,97,1,78,32,91,88,47,18,89,9,91,82,96,77,13,44,81,94,31,86,38,52,7
97,75,22,70,81,37,86,32,33,94,92,31,21,75,16,75,78,52,34,67,79,46,61,80,72,97,13,70,50,29,73,81,14,14,21,93,92,92,1,63,28,24,76,39,74,91,12,25,39,59,76,55,44,90,78,47,72,39,35,2,24,56,63,40,13,71,91,92,42,88,51,47,7,84,26,74,29,89,20,69,97,70,96,52,40,11,73,9,31,12,20,75,85,30,55,74,0,38,6,25
49,99,63,67,21,85,18,67,91,73,26,84,83,27,79,91,21,82,28,84,28,63,84,87,35,84,65,25,55,84,69,70,27,29,37,66,91,60,53,28,46,71,71,54,44,74,96,0,96,47,28,48,37,9,80,44,12,10,86,43,88,74,93,14,44,55,42,15,32,24,52,44,80,1,86,74,4,69,21,23,70,89,15,81,14,49,50,41,24,21,70,95,18,15,12,85,45,5,42,23
23,84,66,70,71,68,28,14,9,29,51,47,58,16,9,68,92,11,53,15,47,47,68,93,32,42,27,91,10,20,6,48,36,94,75,29,57,16,53,32,24,32,8,65,46,30,81,40,81,13,37,21,16,32,81,51,53,19,81,40,55,34,88,55,19,67,24,60,22,13,97,32,3,29,28,90,18,90,67,71,4,91,38,43,46,97,67,41,1,51,32,57,16,84,49,28,83,46,22,98
92,13,75,82,46,42,53,11,55,28,70,67,68,83,35,80,95,52,53,86,99,4,60,45,38,98,9,25,8,17,37,92,28,62,53,36,34,75,32,3,44,13,2,94,7,55,51,11,93,92,69,29,55,70,74,70,37,15,0,61,96,12,94,81,51,61,7,50,79,9,85,49,99,94,2,77,16,73,94,71,2,98,9,60,60,38,27,67,41,38,19,42,46,92,96,43,79,45,68,80
84,38,69,22,98,7,39,83,10,49,99,24,17,58,20,83,81,86,3,58,63,99,17,29,44,54,50,66,43,1,97,70,15,64,96,94,17,96,31,10,7,78,84,86,57,60,28,99,61,77,88,22,41,90,2,42,72,4,27,49,9,86,7,2,70,6,57,45,19,14,9,93,74,39,81,91,42,89,3,13,25,53,68,57,70,58,40,4,89,34,88,35,39,5,55,94,69,25,89,37
41,99,39,85,91,63,81,52,40,12,30,60,5,29,67,12,49,77,55,42,70,87,38,86,9,87,41,56,90,57,71,24,37,52,22,41,66,85,96,22,14,96,79,6,58,2,54,53,7,19,67,62,9,4,73,67,14,59,49,13,73,26,55,1,96,82,73,57,6,31,56,42,55,78,97,10,83,67,15,66,82,24,2,11,34,76,40,36,7,28,65,91,18,82,2,47,62,23,55,69
37,42,21,48,67,51,19,73,50,68,91,77,95,38,70,6,49,91,24,32,93,30,51,66,21,78,32,78,1,89,55,16,39,74,84,73,90,5,37,45,22,7,6,47,44,32,32,51,82,67,0,94,40,18,99,39,93,61,80,43,81,32,47,34,80,91,67,21,52,16,20,38,95,26,22,87,86,90,86,21,35,94,87,40,10,0,73,83,40,13,14,52,91,14,73,6,37,56,45,79
26,54,36,12,28,49,82,59,8,30,72,23,10,43,66,62,51,60,42,55,21,47,84,28,73,68,47,4,81,25,31,46,16,89,50,23,11,12,99,45,18,21,61,15,48,4,23,19,25,9,70,38,39,90,79,58,87,63,53,98,51,37,67,62,94,54,48,59,82,54,4,33,66,36,67,15,21,88,20,32,70,3,89,61,56,8,52,77,21,71,85,60,36,44,89,34,10,85,3,93
96,66,66,65,5,6,16,64,65,42,91,80,19,61,52,45,80,70,25,50,82,87,69,2,29,11,92,4,23,30,29,86,17,10,39,39,7,21,72,68,6,82,61,27,22,1,57,4,82,29,70,86,44,95,35,20,34,15,65,84,58,58,14,36,54,34,82,23,96,24,2,93,61,65,21,77,68,42,39,77,20,52,60,14,30,14,10,30,62,86,22,2,33,31,77,56,36,22,16,11
75,21,88,80,79,87,79,64,20,70,70,53,47,5,75,30,51,9,22,28,0,84,64,24,63,77,68,36,99,45,46,5,44,49,23,44,43,1,71,24,34,81,1,34,64,25,71,22,97,23,10,48,20,61,68,12,22,30,36,19,17,97,92,66,14,42,67,10,93,65,66,14,13,65,11,1,24,57,86,61,93,39,50,10,87,16,95,53,19,8,56,91,40,4,35,45,80,61,0,58
97,13,79,47,91,79,15,14,76,69,46,61,30,4,32,78,64,11,62,49,58,41,99,44,94,29,26,32,46,18,37,42,25,6,78,61,13,0,74,85,97,95,36,98,59,13,42,71,95,66,24,96,65,89,79,1,96,8,99,29,77,37,93,2,6,91,76,56,41,83,77,12,52,40,28,13,93,89,71,90,59,23,71,95,76,97,0,84,89,51,25,52,12,1,70,93,85,81,99,24
41,92,7,25,9,48,89,41,50,9,60,55,87,1,43,88,2,69,29,27,9,70,79,81,79,84,50,68,92,13,7,45,48,71,50,7,52,52,50,67,81,51,68,21,26,21,48,3,82,12,10,68,76,69,54,33,13,47,54,70,2,22,11,93,54,37,72,96,32,25,80,7,10,18,53,49,67,48,50,13,3,1,18,56,55,44,22,17,81,17,55,42,19,74,84,16,1,0,61,39
9,95,91,7,78,17,36,27,70,21,21,59,47,44,78,8,58,59,60,63,17,50,92,8,52,90,73,30,25,30,50,22,97,88,71,11,46,31,26,10,33,62,30,30,97,96,58,25,92,85,9,28,79,94,42,95,10,45,56,77,81,80,70,29,10,5,63,94,5,95,80,35,32,17,50,65,14,2,59,11,93,77,65,55,42,88,24,77,90,61,9,45,30,52,93,74,88,83,63,46
76,17,38,55,73,95,2,39,99,94,75,30,84,68,6,86,56,11,3,17,69,36,6,92,88,59,27,97,83,66,47,3,69,33,0,28,54,10,82,67,78,34,35,87,98,4,88,45,56,98,36,21,88,41,75,83,48,23,70,59,73,9,84,33,40,77,2,11,45,57,77,75,73,36,83,80,61,10,81,44,15,68,82,32,80,96,17,43,53,78,27,65,92,74,37,54,59,48,41,32
13,18,42,57,69,44,14,50,98,83,66,10,40,35,95,49,2,89,87,34,17,10,8,32,57,38,86,45,61,86,47,11,98,0,52,28,37,57,58,27,76,55,48,97,37,68,34,45,71,35,6,56,21,57,49,79,46,88,28,67,76,67,36,40,6,88,90,54,18,89,67,37,78,37,84,35,69,6,38,71,36,3,68,86,36,3,62,37,69,52,64,76,41,58,16,40,51,40,30,26
30,85,22,0,23,60,16,99,34,73,42,5,0,34,98,52,68,46,54,89,64,47,85,20,19,65,16,73,84,67,74,32,67,68,4,63,33,46,76,9,63,22,50,74,50,48,14,52,13,55,46,8,20,66,58,44,82,92,76,44,47,84,89,67,93,92,63,19,97,2,10,7,21,81,43,97,75,25,69,28,61,9,3,89,90,38,75,18,50,45,80,23,85,84,28,38,35,54,7,22
50,94,78,23,3,79,61,88,7,50,81,82,56,83,45,97,11,72,38,47,70,11,85,61,18,67,27,61,77,2,57,4,45,57,33,95,99,61,73,56,69,56,79,8,97,31,10,44,63,6,26,19,32,24,98,29,53,15,4,9,47,6,46,65,60,21,13,11,81,40,57,62,28,78,9,26,18,95,40,27,31,93,69,15,48,52,48,27,5,64,79,53,10,69,88,48,97,21,9,33
99,32,99,80,26,51,81,91,50,10,1,41,91,2,2,61,41,71,10,54,57,60,64,32,7,17,24,36,48,31,46,19,92,38,82,79,80,25,41,26,13,36,10,62,39,53,44,76,33,0,56,41,79,30,23,33,7,74,95,62,97,83,94,59,46,48,23,65,8,18,10,41,68,37,54,25,98,71,15,21,25,86,98,79,6,49,36,5,0,32,17,65,15,34,45,6,83,15,21,99
69,99,93,46,46,94,64,88,80,59,36,99,44,64,18,58,39,89,35,2,9,88,74,47,59,71,38,41,49,32,93,82,95,65,1,93,53,44,59,3,57,58,72,58,29,93,53,68,24,79,76,84,21,84,12,84,24,55,99,52,30,68,99,36,46,78,19,2,33,20,87,53,99,70,1,13,79,20,43,45,2,61,41,77,61,80,15,75,49,87,96,86,26,27,67,64,41,86,4,21
70,27,8,74,61,29,1,72,7,70,29,46,86,66,38,96,63,85,69,98,94,43,74,72,11,42,50,80,1,79,72,51,1,59,53,73,58,60,52,12,51,35,2,39,51,89,41,43,57,95,6,25,68,48,99,91,99,71,56,36,63,32,78,52,34,15,14,49,53,62,77,51,48,20,27,81,81,80,65,74,73,90,50,49,98,14,90,85,44,30,71,66,61,52,64,52,25,42,53,9
74,65,59,92,32,4,35,98,38,89,65,90,27,69,76,98,91,64,91,50,21,55,23,42,38,20,28,19,21,17,40,92,20,46,18,22,39,92,1,7,52,46,24,91,36,88,22,52,11,84,33,57,15,94,81,29,17,58,84,49,99,37,34,27,35,53,35,74,92,48,16,99,92,82,29,64,36,46,55,81,45,13,29,56,6,56,23,80,26,31,86,50,23,21,29,99,55,40,25,7
17,22,3,75,78,54,26,62,48,52,21,0,73,90,36,28,15,83,27,74,65,74,54,56,38,69,5,19,23,35,55,82,18,85,10,33,52,1,7,23,0,10,8,7,30,42,99,49,3,82,84,84,66,60,99,55,25,13,76,46,53,16,25,0,45,59,59,47,34,67,92,6,35,12,26,27,45,22,0,5,61,73,60,80,79,49,59,85,86,94,55,30,46,93,9,17,56,78,76,98
36,74,40,47,12,21,58,95,9,4,78,17,70,74,52,74,21,84,44,62,75,80,50,74,70,82,51,21,30,81,72,7,55,71,99,37,95,42,17,61,56,82,38,20,16,62,14,6,44,33,91,47,81,49,49,70,44,44,27,81,84,62,63,58,68,87,83,95,92,74,62,80,38,40,1,57,99,14,94,39,49,88,32,54,19,75,23,52,7,27,63,17,39,62,46,12,24,20,4,48
19,54,54,41,94,54,84,8,20,33,59,93,8,5,61,57,54,71,26,24,50,75,60,55,20,92,4,47,32,78,29,73,81,73,50,70,73,4,87,43,50,9,82,84,43,94,65,48,37,28,65,68,92,59,74,35,7,18,39,85,89,32,90,82,11,56,34,83,33,35,7,97,87,46,43,22,66,37,85,74,98,67,62,73,43,14,30,76,88,73,55,81,42,83,70,76,94,29,45,82
70,89,52,61,96,88,44,33,97,17,90,74,77,28,54,12,18,4,22,88,25,82,94,56,68,46,69,71,17,96,52,73,95,38,25,36,34,27,81,94,99,51,92,82,71,52,63,69,65,93,51,83,76,17,8,11,74,70,14,25,58,54,43,15,68,97,45,56,41,60,73,5,60,8,59,30,12,47,22,15,85,79,5,38,62,20,19,34,43,75,12,82,47,18,30,64,16,16,65,78
11,58,72,56,25,5,8,43,67,84,73,59,46,11,40,3,89,28,90,6,49,81,56,59,3,14,24,8,13,99,31,30,44,99,23,50,90,48,9,23,60,80,12,73,76,30,3,15,55,47,58,66,59,47,69,90,73,45,36,86,24,86,16,33,21,42,65,51,7,91,72,28,59,65,90,13,79,28,95,16,9,24,15,9,71,81,83,95,69,17,47,30,30,10,10,53,73,26,15,51
81,57,26,49,92,89,81,56,63,32,53,33,0,77,12,99,31,95,18,58,50,97,61,61,12,6,49,86,80,50,78,62,13,94,90,25,90,31,28,16,16,75,45,8,4,42,89,1,93,13,22,94,65,38,5,53,29,10,9,4,18,42,21,45,60,43,80,68,83,55,45,37,8,23,44,81,33,36,84,30,47,81,49,87,65,83,80,8,91,74,55,17,72,46,60,46,22,87,10,38
78,44,60,24,91,64,32,78,56,35,36,84,92,36,24,20,42,57,1,27,47,17,21,83,99,84,85,79,51,94,65,8,54,64,32,6,15,4,94,7,98,22,66,6,26,84,22,12,94,89,90,61,37,10,38,84,37,78,64,73,0,18,78,20,24,77,47,76,39,53,28,99,88,15,60,3,97,95,15,86,62,72,61,64,65,50,8,96,92,64,2,97,17,28,11,11,49,80,61,90
41,72,56,29,96,18,90,49,10,1,38,87,89,29,33,69,16,53,48,77,42,74,55,35,4,38,12,6,14,36,60,59,76,68,12,53,78,61,95,46,16,5,98,52,67,51,25,36,82,54,8,7,32,59,29,39,12,54,12,19,84,66,45,83,92,24,45,21,1,81,67,64,92,17,84,43,28,79,51,70,68,41,73,30,21,9,84,82,77,73,42,80,44,13,51,34,33,13,47,78
23,99,23,20,45,41,41,34,57,20,98,94,11,63,32,63,4,27,22,43,67,46,39,87,96,51,72,19,80,89,71,59,4,72,93,42,1,61,59,78,90,21,36,57,57,43,99,60,19,45,56,96,43,99,79,28,20,98,11,46,60,67,71,7,81,15,80,59,11,51,50,77,91,65,17,52,93,65,40,20,67,97,58,39,23,16,79,23,87,78,58,66,71,62,36,75,64,48,90,41
80,47,98,27,91,85,55,9,26,92,97,71,68,63,96,39,51,11,7,28,3,93,49,54,37,83,66,49,0,49,39,92,41,68,57,77,0,88,95,20,5,74,11,89,99,69,25,41,83,54,66,62,2,1,95,13,43,76,0,61,96,3,8,70,45,88,25,10,45,32,90,41,82,10,47,5,72,98,94,65,31,51,38,22,91,37,94,46,62,20,40,54,61,50,65,18,94,49,9,66
97,93,19,49,42,68,2,44,48,18,84,86,27,16,97,47,24,67,89,50,29,93,31,6,78,25,60,30,76,20,91,17,9,35,37,70,37,41,10,65,35,13,26,87,91,26,77,1,89,98,6,80,38,71,46,83,11,29,92,39,4,32,46,84,0,9,76,62,45,37,34,84,85,73,92,24,2,0,68,20,14,30,51,69,36,27,86,75,53,97,47,20,87,18,55,2,2,87,41,71
15,14,32,87,95,8,1,80,41,75,75,80,91,60,81,59,89,0,57,59,40,51,42,84,22,11,1,65,68,2,82,1,27,50,81,50,72,63,4,16,89,56,19,78,27,74,60,49,75,43,34,59,27,77,49,74,47,50,57,64,68,16,19,72,93,92,40,55,64,73,97,10,20,9,94,54,27,89,5,12,8,1,8,68,38,83,66,28,28,11,79,12,52,34,85,30,92,82,20,45
60,92,54,12,93,9,82,64,96,29,83,48,62,65,82,90,41,93,64,56,8,35,1,29,75,93,29,51,39,17,96,78,46,80,2,57,61,59,11,45,19,76,27,9,45,59,71,51,3,77,24,61,12,80,68,22,92,82,20,71,69,81,26,90,73,66,89,56,67,87,81,71,84,66,89,88,47,99,1,56,55,96,15,62,6,32,23,97,45,55,99,45,14,13,23,10,86,78,11,77
33,29,34,6,25,10,51,68,17,71,48,78,5,99,64,8,35,66,85,97,0,69,54,0,31,10,26,66,56,30,16,14,90,15,0,55,13,91,75,87,48,30,1,79,92,72,15,27,4,69,11,70,88,18,93,65,73,63,91,14,90,76,92,71,12,91,58,26,29,92,97,72,74,45,3,73,40,51,16,47,2,23,24,17,88,73,38,63,62,55,98,32,5,27,42,53,21,95,3,75
35,69,35,97,81,18,7,21,82,80,91,31,97,55,76,72,24,15,60,86,2,58,24,97,78,88,9,52,3,57,35,31,73,93,24,74,11,17,83,82,96,45,15,77,68,10,12,70,80,13,33,71,18,7,45,56,3,62,47,82,50,71,8,94,37,24,79,35,91,38,26,28,42,36,3,97,11,12,70,38,19,51,82,8,63,60,82,65,89,26,36,65,86,47,58,80,97,27,57,78
23,16,31,43,38,85,57,75,16,90,33,2,65,60,94,86,67,43,4,9,8,70,99,88,91,72,95,96,77,74,78,9,95,2,5,67,51,25,82,53,46,18,96,56,0,61,64,99,78,73,3,6,39,67,64,45,83,19,41,45,66,83,53,67,48,94,65,14,28,68,2,41,96,0,76,69,12,42,23,73,29,29,77,63,57,59,93,66,83,49,63,73,18,43,93,5,3,42,37,68
70,22,9,34,18,8,4,70,99,70,4,82,76,3,7,52,33,70,32,21,41,83,77,17,53,2,3,69,51,9,89,49,95,32,11,65,83,66,14,61,31,53,92,20,30,49,58,52,10,47,71,55,99,31,9,44,26,70,88,66,70,93,81,35,13,75,52,98,63,49,63,35,18,31,82,1,24,88,47,51,3,22,98,97,41,85,70,9,2,23,47,51,76,44,24,98,46,32,76,60
54,82,85,29,58,6,6,86,75,82,75,80,66,12,9,32,37,72,80,8,71,9,30,30,48,6,85,97,22,49,83,37,83,67,73,65,5,7,37,9,95,11,12,46,44,86,47,52,5,83,95,27,96,41,94,14,65,28,59,14,22,69,4,75,9,41,0,69,45,39,44,58,70,86,0,48,1,12,30,29,9,64,36,69,87,76,44,24,72,78,62,15,54,61,20,55,4,70,14,27
90,34,61,56,80,94,85,39,69,31,79,61,31,10,73,83,77,23,14,63,54,56,97,11,53,92,22,77,35,2,85,90,11,31,53,46,96,67,67,50,37,41,24,83,10,58,10,44,2,28,60,38,31,70,80,14,23,57,19,21,45,70,70,31,82,25,65,95,10,93,95,56,91,66,14,26,69,95,9,35,47,81,95,27,4,44,24,59,93,54,97,22,32,37,97,81,56,38,71,61
25,80,65,95,43,11,88,19,59,35,69,82,93,69,6,47,29,91,19,2,47,25,15,67,65,26,54,28,7,97,2,37,6,83,53,1,16,82,71,87,24,39,96,43,19,4,99,28,66,43,2,6,55,33,61,7,48,88,43,36,82,1,54,19,87,53,52,82,17,83,96,32,16,70,25,50,43,3,2,56,53,1,6,35,0,58,48,73,38,6,69,20,11,21,90,36,77,37,74,90
22,20,2,9,69,66,1,75,91,58,28,15,6,65,14,58,86,33,44,47,51,52,85,20,78,13,81,83,49,48,74,90,93,71,10,56,92,15,90,26,41,95,16,77,40,91,63,57,44,49,55,14,78,35,26,78,0,97,67,79,93,52,20,29,85,96,34,28,9,55,21,41,97,55,79,17,49,17,11,20,13,18,34,45,71,82,20,95,21,71,8,23,42,41,59,4,24,68,32,37
47,67,25,95,20,0,63,22,34,32,98,87,95,51,71,76,6,36,52,4,46,75,43,57,64,67,53,80,43,40,63,94,83,8,2,26,35,80,21,21,89,60,65,47,14,59,19,76,23,67,79,96,57,70,11,60,13,76,48,18,56,81,74,74,75,90,48,87,89,67,91,42,22,83,91,2,26,69,45,94,2,42,18,63,59,44,70,5,26,17,27,34,77,90,75,88,92,5,39,12
48,2,69,50,68,96,68,38,29,10,24,54,53,25,17,55,36,46,26,71,31,36,60,50,45,4,63,24,31,5,10,70,81,35,2,90,85,16,90,93,26,38,45,33,43,1,57,21,23,73,28,89,54,50,93,3,43,13,61,96,70,44,86,84,22,81,91,18,93,61,12,84,32,96,46,41,37,8,68,95,93,40,60,58,2,58,14,77,80,20,57,16,98,91,19,77,11,38,31,83
23,43,58,95,10,43,66,35,22,46,77,70,63,95,31,84,51,73,86,10,88,26,11,73,33,1,16,65,3,82,8,77,88,90,66,76,28,3,97,32,35,3,90,6,88,38,84,23,26,17,28,63,5,81,45,53,68,53,10,71,42,78,82,88,42,9,67,54,11,23,95,23,20,60,87,62,18,59,60,28,30,81,65,29,62,72,9,75,2,96,90,60,53,31,79,11,60,9,56,19
82,0,87,3,39,55,89,17,17,28,46,21,14,17,42,44,88,17,84,21,77,82,79,33,89,19,91,69,20,83,38,99,26,79,90,46,80,79,50,66,63,47,89,52,75,63,7,58,57,21,45,59,57,95,13,12,89,54,17,0,18,46,0,17,17,66,19,7,77,26,65,74,11,92,2,79,77,78,45,23,76,89,66,55,3,38,59,41,47,25,16,32,61,65,81,39,74,97,25,73
67,7,92,9,29,18,12,88,94,31,40,20,88,5,66,54,32,63,12,54,69,32,74,33,46,2,65,21,30,87,99,65,63,81,65,92,72,3,20,28,62,64,16,73,84,13,4,95,35,65,51,8,32,79,17,37,27,82,60,36,99,3,37,9,82,71,25,34,34,85,18,41,58,27,41,87,91,14,45,58,74,77,40,3,38,54,96,89,39,94,87,97,98,82,35,65,41,97,50,32
26,22,66,75,90,38,99,14,29,96,13,38,27,25,85,73,25,63,11,73,57,26,2,61,10,36,13,96,51,95,3,15,4,43,0,94,66,33,88,20,36,36,52,14,54,53,93,72,45,90,6,55,8,37,16,74,73,35,98,42,22,53,37,52,62,49,86,74,8,79,30,33,25,34,22,51,36,84,9,62,64,71,82,69,46,12,90,3,2,64,63,39,47,75,20,84,79,9,67,88
82,6,41,78,86,21,39,34,21,19,42,16,44,65,38,67,75,39,99,17,91,37,7,7,18,47,30,10,26,41,54,11,66,77,6,69,82,2,26,71,23,54,28,50,46,52,79,43,61,83,30,9,80,64,61,96,48,62,55,4,48,54,44,71,64,35,3,91,53,14,74,13,92,89,54,20,11,36,89,25,31,77,80,35,66,93,28,1,35,7,9,48,19,99,72,94,0,43,76,63
96,73,32,92,11,64,99,6,92,46,86,76,59,5,39,26,93,79,74,55,7,43,76,66,68,84,18,87,47,67,16,65,14,7,33,83,49,69,12,86,75,97,80,63,26,91,76,32,53,82,94,78,38,86,26,93,97,98,69,96,57,97,29,35,11,98,91,16,53,9,37,37,43,56,25,72,45,18,21,34,55,53,38,58,40,15,96,96,15,67,52,44,35,31,77,76,44,92,75,31
72,37,40,70,44,20,33,41,85,94,32,75,26,29,25,81,24,92,53,22,97,52,52,96,89,5,44,8,30,46,39,69,30,16,13,3,29,86,92,41,14,42,95,51,68,38,95,20,40,59,71,67,1,39,27,78,50,16,66,13,32,8,40,10,8,37,43,84,85,96,41,93,19,56,18,4,2,79,71,68,94,95,84,4,3,48,67,84,47,12,52,15,29,32,27,15,99,92,96,59
86,97,85,37,63,54,39,61,67,89,75,98,42,13,63,53,3,83,63,52,69,87,74,37,11,7,41,61,58,58,5,89,16,1,4,57,29,61,80,87,45,19,92,34,55,67,45,40,88,68,92,28,9,35,18,35,36,68,22,60,29,11,78,63,60,93,60,63,74,58,17,73,55,34,89,9,43,56,59,32,81,62,41,19,60,10,65,87,90,92,86,75,4,25,48,26,47,40,2,21
52,93,24,31,86,48,98,32,75,68,86,33,55,24,70,60,31,61,87,55,82,44,24,16,69,47,68,84,77,84,84,96,44,42,6,36,52,11,71,11,14,10,19,29,59,19,62,82,54,21,65,56,87,41,17,15,28,42,52,63,22,93,73,19,98,41,49,15,0,2,74,53,63,88,73,37,26,16,25,83,25,89,92,93,61,6,72,27,34,78,36,46,69,27,84,49,94,63,39,16
4,15,73,46,45,25,32,74,32,68,15,49,10,34,0,2,6,65,95,40,82,50,1,53,88,1,94,23,35,38,92,2,59,42,16,15,45,30,26,33,68,38,61,11,16,51,60,42,79,71,18,70,76,54,76,55,68,22,89,30,66,42,72,45,67,59,60,87,23,55,59,65,11,82,72,52,7,43,76,32,40,11,23,72,73,76,78,82,94,78,45,18,1,25,55,76,34,63,95,18
75,47,22,45,79,53,65,94,3,42,23,45,18,82,66,47,63,61,8,60,99,15,19,52,41,62,29,52,91,91,86,98,22,99,29,64,62,22,46,82,26,83,18,31,37,94,7,46,48,22,9,24,60,59,25,2,91,27,4,93,89,8,44,32,49,13,33,94,84,19,75,10,16,53,78,27,48,45,24,74,97,36,44,30,97,2,36,18,26,88,54,59,30,55,58,27,37,47,0,89
58,81,91,39,81,59,87,19,44,10,42,50,36,9,14,69,27,59,8,86,5,95,23,27,29,32,78,67,99,80,92,8,5,7,86,25,46,78,23,76,59,65,75,18,41,47,81,83,23,80,17,38,39,92,23,1,16,71,93,52,97,62,49,95,78,48,12,73,70,67,34,79,30,2,34,29,87,9,9,78,4,10,88,21,25,29,88,92,83,49,65,45,4,39,64,24,75,32,92,35
91,35,76,55,57,63,95,46,88,31,58,89,58,7,20,66,87,44,44,65,57,9,17,82,71,44,58,70,26,91,87,62,36,46,68,25,14,54,66,62,84,57,33,88,94,56,82,10,13,89,96,60,87,84,33,86,11,92,94,92,93,6,26,46,7,41,78,28,1,49,51,51,67,48,50,22,13,41,15,12,13,86,31,7,55,14,70,75,66,23,7,41,7,65,92,74,91,30,39,60
88,2,74,41,68,8,8,26,96,49,59,69,21,47,15,48,71,69,34,24,30,45,46,68,56,94,34,52,26,89,36,6,80,27,72,20,52,32,77,93,39,77,39,68,75,12,14,66,4,82,53,11,99,8,98,83,79,73,95,38,14,7,13,62,10,75,15,60,20,49,93,67,58,93,2,61,33,33,98,86,65,51,95,50,35,34,50,84,41,51,57,92,95,14,93,89,44,23,40,34
61,21,49,63,39,14,99,31,93,51,18,79,7,2,30,77,15,48,57,77,35,20,93,45,53,29,64,22,79,79,41,37,46,52,9,98,44,87,5,44,32,44,24,11,96,77,58,89,38,66,14,99,43,49,48,49,20,97,90,89,61,1,25,98,48,88,22,89,60,39,67,12,69,25,45,79,90,43,41,41,21,92,76,83,13,98,57,22,33,56,71,93,90,60,5,85,84,6,29,38
42,56,41,16,23,88,98,44,39,3,46,1,93,53,50,37,85,98,42,49,6,67,27,63,4,37,28,26,49,21,46,39,94,30,57,28,96,59,26,73,33,1,47,81,62,97,80,65,54,60,81,4,5,53,75,6,13,26,16,12,40,11,44,93,26,82,13,59,51,76,40,88,76,78,2,19,60,40,80,66,42,30,66,70,31,69,16,94,86,70,26,91,79,59,96,32,84,53,21,36
56,65,7,53,22,24,22,46,93,43,43,32,73,97,56,98,84,3,25,72,95,46,88,22,80,3,10,87,40,47,75,77,93,73,38,5,2,48,73,79,32,28,47,95,69,77,39,80,37,98,36,56,13,40,81,79,27,25,26,85,10,0,22,83,25,78,55,96,42,78,47,39,10,4,38,83,83,16,69,32,50,22,85,60,41,71,35,21,6,48,14,14,22,8,59,59,0,82,74,15
76,86,17,83,41,36,60,19,43,48,49,92,47,86,26,18,52,47,36,80,93,47,80,13,49,42,54,37,96,3,87,89,88,31,45,78,35,5,28,9,47,39,91,43,21,29,83,8,26,54,55,90,98,39,71,53,92,25,57,41,54,67,39,81,16,27,26,57,97,41,61,74,80,23,86,42,32,96,14,72,36,51,86,66,47,92,48,20,53,84,4,16,74,57,29,24,92,34,54,43
28,11,67,73,77,21,26,91,96,87,64,98,93,9,17,31,51,50,66,55,90,91,6,51,59,87,53,19,44,36,21,12,18,10,77,30,24,73,43,72,59,93,12,66,48,12,20,89,57,43,27,61,74,98,2,53,16,38,15,29,78,16,34,65,5,10,50,68,46,6,69,54,28,54,17,89,74,7,33,90,32,52,99,99,79,96,72,61,97,86,90,13,97,92,56,62,92,33,28,26
85,96,63,96,40,63,90,29,48,38,60,21,57,33,24,97,59,44,4,95,37,5,32,26,76,25,24,11,99,66,4,59,73,21,58,32,16,83,73,51,72,72,49,54,95,79,73,54,53,75,11,51,67,90,20,1,79,32,82,10,93,60,88,15,94,84,93,52,31,89,28,18,54,98,34,46,51,81,51,7,37,78,89,9,0,44,74,51,74,31,39,55,17,39,1,27,46,88,53,62
20,84,20,52,82,81,24,56,52,16,79,65,93,44,14,58,57,81,41,55,36,54,1,32,26,62,47,97,67,60,10,92,71,92,90,9,23,22,38,21,43,36,88,78,58,89,17,48,34,89,11,18,14,17,72,82,16,25,25,29,77,89,25,51,75,68,21,40,30,99,17,85,19,50,4,85,95,94,38,27,77,35,54,28,73,16,69,10,55,9,26,3,90,18,95,36,46,58,35,23
