0,52,32,68,42,1,75,52,25,97,86,22,35,38,66,38,63,67,72,78,55,55,48,43,98,74,88,79,88,34,91,32,87,67,58,82,66,62,86,17,1,89,94,23,52,33,82,62,57,24,50,23,94,84,65,40,30,7,22,49,81,51,58,96,44,80,88,23,79,90,83,32,22,17,13,77,20,33,80,28,48,40,7,82,21,31,36,34,40,75,26,79,46,58,57,91,24,96,84,92
74,15,6,78,25,75,89,51,79,80,85,51,82,15,70,48,46,42,56,77,77,17,32,25,12,17,40,27,95,97,41,43,75,81,0,37,96,42,50,37,4,91,93,43,53,63,28,91,87,77,74,97,73,15,47,57,84,78,54,16,39,94,34,19,66,10,62,94,15,2,6,54,17,5,95,80,48,75,75,15,22,72,99,31,11,13,69,66,32,29,22,93,77,70,2,2,61,43,98,31
58,16,81,29,19,14,98,58,67,42,60,28,38,13,3,36,44,84,53,24,4,37,88,36,76,18,82,48,39,95,64,66,51,55,20,99,99,0,98,61,51,76,90,80,28,70,24,43,37,81,35,82,80,56,63,35,34,45,78,36,24,19,67,86,8,96,22,10,23,47,70,64,99,36,11,20,57,78,9,91,7,70,59,42,61,99,58,3,75,5,97,86,52,67,78,88,73,10,95,64
51,86,55,38,9,98,48,10,62,44,42,31,60,31,93,40,30,94,35,81,63,13,24,77,35,84,78,22,72,18,34,39,15,53,70,59,69,91,94,50,67,93,58,58,49,86,30,86,57,23,12,39,0,67,14,49,76,42,0,82,82,32,59,64,35,56,40,77,54,3,2,57,63,17,56,52,70,20,11,13,18,15,36,87,36,45,13,57,35,48,4,52,17,46,33,24,96,8,63,23
49,67,65,10,95,93,62,21,93,69,48,12,19,67,58,96,65,14,36,70,87,23,27,93,84,35,12,69,92,51,72,66,21,80,68,14,54,72,33,82,83,52,86,68,87,5,10,14,68,78,74,18,40,48,47,19,97,9,48,52,56,58,29,71,80,47,47,18,11,40,29,88,5,24,29,23,12,20,65,45,81,64,34,27,11,38,43,91,5,27,64,16,24,81,47,37,35,31,70,76
95,42,65,59,16,25,20,97,87,37,15,90,97,14,87,30,11,27,59,44,18,25,83,49,78,55,60,64,70,21,93,46,13,33,88,91,43,93,81,67,81,20,67,74,59,78,1,79,48,91,47,84,0,12,83,6,77,9,39,35,86,47,88,19,80,31,37,5,55,17,20,10,15,86,76,99,16,86,7,73,67,68,54,42,33,34,46,69,3,44,44,95,87,3,64,41,68,82,6,27
93,94,11,98,43,75,77,54,49,31,51,99,49,63,93,83,56,12,99,52,25,0,1,78,90,7,73,10,14,26,76,55,44,66,18,17,30,11,54,64,95,53,61,45,0,46,90,8,77,20,49,13,77,85,78,58,45,63,54,90,97,61,40,97,58,29,24,63,99,99,72,49,41,10,84,47,16,74,9,21,54,81,70,98,22,86,19,58,67,2,29,87,40,89,40,11,65,26,36,42
76,31,16,26,93,86,15,5,74,30,85,8,43,94,10,39,45,14,24,96,43,25,49,48,96,61,96,51,75,92,73,79,2,6,13,7,3,74,96,55,84,10,17,35,91,42,26,11,34,4,32,13,15,4,69,70,91,18,65,49,6,25,88,71,96,39,42,5,59,21,34,81,78,43,4,30,73,29,21,21,94,4,6,34,33,42,63,99,32,16,30,5,47,60,35,81,35,92,61,10
76,49,33,5,22,17,72,54,96,74,76,4,96,74,77,7,83,28,93,32,90,59,91,24,16,22,57,83,7,52,48,62,80,24,24,16,18,80,66,95,78,48,2,63,16,69,46,24,83,16,21,47,20,90,56,73,85,20,30,61,56,81,2,59,82,69,87,6,14,67,25,91,37,64,49,34,59,88,79,47,33,98,19,42,14,46,82,28,71,55,81,32,97,77,46,3,29,87,44,3
8,67,75,22,2,25,98,80,2,44,73,21,60,85,74,21,30,79,93,50,24,63,51,50,14,4,17,36,81,27,62,95,35,50,22,94,3,66,81,1,26,62,51,5,24,80,36,71,38,90,84,66,61,3,36,41,31,77,83,18,60,69,80,26,26,80,61,1,30,35,89,13,40,67,22,23,6,33,71,31,59,88,24,44,34,87,48,34,6,11,4,6,98,70,58,91,86,50,18,64
42,85,98,50,56,90,92,15,64,18,50,51,76,90,59,92,2,29,68,0,9,41,7,52,23,92,51,72,80,38,27,98,49,56,22,68,14,95,76,7,38,0,49,54,91,19,74,1,11,36,35,12,62,22,38,64,21,80,28,43,7,22,60,2,28,53,92,99,95,5,15,31,30,45,31,78,20,29,59,95,78,97,35,17,51,99,41,67,42,98,92,84,66,48,22,97,28,21,97,64
74,59,7,96,51,27,95,13,42,99,0,24,11,39,5,15,34,7,91,11,14,23,96,6,77,97,82,89,72,95,25,5,55,21,6,98,38,51,14,48,80,34,41,30,43,38,52,66,80,92,47,89,65,2,93,97,52,65,49,12,90,83,36,71,88,19,60,50,45,92,97,74,36,66,90,23,87,45,59,99,84,31,44,20,39,58,33,55,75,77,22,61,64,49,59,10,78,68,52,94
24,19,89,38,6,36,63,13,60,73,7,61,98,48,60,7,77,95,67,83,81,56,58,4,58,80,6,51,86,45,3,70,13,53,47,63,58,80,10,92,76,15,51,20,11,20,52,93,73,75,61,98,47,63,48,64,14,51,49,66,26,80,87,35,82,70,65,53,49,75,50,64,36,5,13,85,22,84,16,43,4,20,32,20,40,92,15,48,97,31,47,35,83,75,35,2,66,21,62,81
43,9,57,14,15,87,2,62,84,80,71,97,31,80,34,96,3,70,45,39,21,45,55,21,62,90,30,45,92,34,56,53,82,51,20,38,32,48,51,60,78,9,93,87,1,97,87,18,51,65,48,21,57,75,58,67,77,12,35,40,64,8,58,40,42,76,82,6,47,45,96,16,93,50,51,43,79,80,4,79,92,90,82,92,40,28,73,10,18,5,19,17,66,50,94,36,45,70,12,69
44,23,4,55,61,96,47,49,63,46,0,89,80,93,10,49,25,7,36,81,4,58,90,66,56,60,51,98,28,9,77,82,7,47,63,84,93,46,24,60,27,36,19,36,63,2,17,1,18,19,11,9,94,3,15,51,76,86,94,51,80,92,69,31,98,34,70,83,38,96,68,40,77,69,4,86,63,32,68,9,26,91,78,53,87,91,67,85,85,73,22,36,38,9,4,38,57,83,16,63
44,18,41,15,62,33,52,70,84,35,46,15,20,76,34,15,0,25,89,46,35,9,80,20,12,83,19,47,7,9,22,31,49,92,35,42,61,44,80,10,36,92,68,84,38,36,20,2,98,24,80,41,13,96,16,74,46,99,72,39,48,48,77,25,47,26,56,25,32,39,63,68,8,40,98,88,95,10,7,50,36,66,96,29,44,22,35,37,14,83,43,23,66,28,83,58,24,93,81,1
21,73,99,51,96,69,32,76,98,57,66,23,51,47,59,2,21,80,9,72,23,54,15,13,63,28,44,50,50,95,3,51,27,60,67,9,19,67,62,27,0,33,6,73,78,32,51,97,87,27,2,60,77,4,49,67,35,37,28,86,25,65,24,25,53,54,11,15,28,70,25,67,0,61,8,82,86,85,19,52,96,5,64,73,79,96,12,94,98,88,94,10,30,37,76,94,47,83,5,82
69,49,28,45,38,69,6,23,71,50,39,13,2,27,43,17,56,46,8,63,16,97,54,69,25,72,61,0,16,84,6,1,31,93,39,27,91,38,73,47,10,62,32,18,77,97,26,4,10,54,72,86,60,94,55,52,4,44,21,61,41,13,38,86,94,6,2,78,31,53,63,27,59,30,48,35,78,88,1,72,99,75,3,80,97,53,22,47,32,94,23,53,9,82,8,75,86,36,53,86
18,11,22,54,24,95,23,57,27,54,73,96,56,30,32,63,47,95,75,59,53,93,31,74,70,42,9,94,9,21,71,99,38,41,60,57,2,4,50,37,28,9,52,59,18,24,68,57,55,20,13,19,97,24,64,58,44,33,72,72,6,7,3,34,40,79,52,81,60,83,38,28,27,35,59,98,26,26,95,43,16,37,96,53,12,96,8,62,45,98,33,57,5,68,79,44,5,63,28,0
19,14,96,88,90,9,4,14,92,44,41,76,17,52,19,42,68,5,77,14,70,19,52,84,29,85,4,2,55,17,86,12,71,86,47,71,96,44,7,97,77,78,21,56,53,49,69,46,70,32,77,86,81,54,68,26,4,73,70,37,55,10,13,92,54,69,34,17,63,84,76,74,91,84,46,78,22,92,68,27,76,76,42,54,6,77,62,23,30,56,22,26,51,47,96,45,40,32,15,63
3,17,42,24,29,40,88,2,52,27,5,80,34,57,24,47,54,61,33,31,2,91,43,36,64,28,66,51,65,74,19,59,22,31,0,43,96,67,64,8,84,88,5,47,31,10,48,75,26,71,75,55,28,94,7,44,65,26,71,20,7,37,95,35,71,64,79,31,17,74,72,35,81,31,85,89,17,93,96,47,56,13,83,63,86,55,10,29,29,18,37,80,26,36,99,0,2,46,22,20
24,49,67,40,91,91,77,5,96,94,70,16,63,39,1,80,37,58,40,28,13,99,37,6,81,2,7,10,2,43,54,9,71,92,38,77,12,25,2,15,76,45,33,35,9,99,49,20,23,19,13,73,14,98,26,8,75,24,11,56,4,11,60,40,79,68,44,67,35,17,8,81,64,39,9,30,35,24,51,12,99,73,53,48,48,84,83,6,99,99,22,47,98,90,62,20,50,21,62,96
49,52,60,53,12,51,86,8,26,0,42,30,72,28,31,21,38,28,47,70,8,85,95,19,74,97,4,28,47,54,73,27,21,88,8,81,82,79,10,87,57,72,44,82,89,23,4,52,97,11,22,22,35,55,39,40,66,30,2,0,9,33,62,14,53,25,95,71,5,59,98,88,51,3,89,22,34,56,13,93,5,90,25,17,75,84,0,44,27,86,26,75,60,38,47,50,66,48,9,92
27,39,97,89,18,87,36,10,18,74,59,99,56,30,47,90,98,18,56,21,27,83,13,62,14,64,1,62,72,62,42,9,73,23,55,18,18,38,85,37,89,79,79,5,56,98,95,99,64,53,75,98,54,72,22,35,46,23,81,97,3,50,50,31,92,27,62,29,0,49,11,23,15,85,90,0,46,49,71,90,30,15,59,64,86,77,95,4,55,9,26,60,21,92,35,73,74,80,43,72
23,63,70,63,1,51,63,24,7,5,82,48,51,37,63,61,37,39,14,52,38,76,81,73,79,19,12,91,18,66,86,72,49,89,72,76,52,60,98,68,71,41,86,85,90,44,13,4,84,65,23,81,33,86,24,69,52,37,3,43,84,90,39,27,21,47,5,49,38,75,99,14,74,86,8,7,25,26,42,2,68,75,10,39,18,66,17,29,60,48,78,11,73,93,51,38,30,91,29,99
95,45,96,4,17,55,6,28,76,76,77,39,20,39,87,35,15,55,65,74,35,53,34,46,4,32,8,5,92,88,39,54,83,30,34,17,98,66,24,0,93,75,30,82,13,74,7,83,56,49,97,3,97,45,55,99,24,71,47,14,94,85,82,37,97,78,30,99,45,75,16,2,64,74,75,47,38,88,47,95,89,37,36,97,35,92,72,27,81,17,86,15,40,68,93,78,69,84,89,73
85,94,13,4,40,14,53,29,13,5,93,71,58,45,33,53,62,58,43,48,98,41,60,1,32,48,5,45,6,54,28,47,59,17,84,75,40,60,29,25,42,18,97,33,33,37,73,1,52,52,77,54,96,65,48,91,20,36,33,60,47,15,64,44,2,34,71,65,28,5,54,56,91,61,38,26,0,48,45,28,11,18,38,15,27,77,47,32,99,87,58,49,63,18,4,7,11,51,17,56
30,22,22,75,80,50,87,85,53,20,76,85,78,40,10,46,40,90,95,60,63,78,72,3,3,26,58,24,66,68,67,1,94,41,1,88,63,16,71,12,91,40,25,77,47,58,93,0,80,16,51,94,58,86,34,7,30,93,42,74,10,89,18,45,59,4,84,72,88,39,61,21,25,23,10,36,61,64,41,15,94,84,76,37,45,50,56,63,3,81,32,96,78,72,17,49,63,0,39,13
48,92,20,68,6,57,23,89,34,78,56,8,32,29,16,62,29,94,10,62,75,0,50,81,31,54,66,72,88,18,36,18,89,22,26,83,63,3,99,44,0,42,93,30,69,83,48,95,46,16,31,63,21,61,27,74,80,43,71,35,58,45,17,23,45,52,81,19,75,74,64,74,37,17,40,91,63,26,93,55,5,58,50,92,25,15,26,67,65,75,81,80,28,0,88,87,52,36,91,67
57,30,3,4,4,72,40,52,70,81,64,80,89,17,2,54,83,4,39,92,91,58,82,37,70,43,3,66,16,98,14,55,66,8,12,36,46,97,25,34,26,99,56,79,7,67,85,72,80,52,4,27,85,76,12,90,87,95,40,22,51,94,2,66,90,99,55,48,56,75,78,25,73,56,57,79,53,67,50,21,46,54,96,27,96,92,83,96,57,16,63,65,50,30,89,2,36,34,60,37
37,43,62,35,57,54,56,37,2,13,3,31,23,0,56,62,5,40,26,16,69,47,76,81,66,5,86,75,97,36,88,45,75,76,35,59,46,29,2,20,70,27,1,72,22,52,46,73,25,6,42,22,76,90,91,69,99,47,37,31,61,58,70,52,39,39,94,85,17,55,57,97,56,1,72,51,24,98,95,33,42,80,92,64,95,53,52,36,51,38,16,90,9,91,59,30,79,75,83,83
45,52,96,26,45,86,56,1,82,92,14,51,90,39,32,95,88,76,76,83,67,95,85,75,51,88,30,31,14,85,39,16,65,16,84,76,50,23,44,45,71,40,71,24,20,44,57,24,61,40,80,19,1,3,8,28,20,17,80,19,85,60,79,36,80,66,63,95,11,1,49,28,84,65,86,32,81,29,29,7,61,73,24,53,48,32,31,81,13,84,24,1,49,65,34,80,86,20,56,72
61,90,43,50,68,96,78,22,43,87,33,91,33,75,74,32,74,42,39,46,80,47,21,18,13,0,45,8,44,62,26,87,25,89,13,31,25,28,9,22,87,9,36,58,61,65,13,64,7,74,89,92,29,60,97,72,47,20,87,24,80,64,92,5,45,52,1,94,69,56,37,73,22,40,3,16,25,69,55,26,46,55,9,98,96,52,76,59,46,81,70,35,77,70,60,79,92,26,26,95
35,94,63,90,33,20,71,99,57,36,90,7,40,15,18,48,98,33,25,11,39,32,0,18,91,35,39,88,96,52,40,81,15,29,82,91,87,50,74,43,71,20,35,1,89,15,19,90,56,40,90,45,24,15,5,57,30,50,89,95,93,42,41,9,52,13,90,79,69,94,46,58,17,13,33,77,89,67,71,21,61,92,22,43,37,73,66,85,87,46,30,92,28,99,96,15,43,4,89,88
13,48,6,21,79,57,25,78,21,41,36,69,60,23,35,94,64,29,53,36,41,15,3,1,64,86,79,73,91,80,37,46,44,16,62,3,94,68,58,28,52,60,28,70,27,34,64,34,48,37,7,37,72,53,71,25,49,56,94,25,76,8,92,34,90,26,67,18,62,56,93,80,17,27,61,2,17,68,12,43,48,40,25,97,13,23,45,76,14,47,90,15,31,44,59,52,64,49,10,63
5,38,85,36,70,93,47,91,59,28,5,69,48,58,31,45,94,19,69,31,63,17,59,39,21,30,23,38,89,60,37,87,13,55,4,89,16,6,0,33,87,68,70,70,60,30,32,28,73,0,52,22,99,48,25,96,6,49,66,41,49,61,52,21,41,32,12,40,44,85,21,14,42,69,6,9,0,44,48,94,4,52,27,77,97,12,55,78,69,1,78,63,65,96,80,83,14,2,48,97
76,58,53,49,93,0,25,31,56,53,19,70,43,31,4,50,72,65,90,72,80,76,66,18,99,72,87,94,69,97,67,55,23,64,54,18,62,27,87,28,21,88,95,39,1,87,63,84,88,78,55,40,67,88,97,52,80,5,24,51,91,48,90,21,51,7,26,54,22,8,24,19,19,81,22,65,64,94,61,49,53,13,21,54,87,45,62,74,91,51,45,84,49,36,80,56,27,88,53,92
67,14,86,98,51,10,93,97,36,42,63,63,9,86,30,9,56,52,17,11,24,26,43,75,17,75,87,98,56,57,22,70,18,91,71,48,96,97,76,3,64,32,12,26,86,9,28,18,80,69,62,63,44,58,3,44,74,23,99,8,0,43,66,9,57,57,58,61,10,42,88,85,95,81,63,92,59,3,70,64,99,93,86,53,35,26,44,25,36,34,81,28,65,19,21,98,92,17,52,54
21,7,89,37,26,92,87,58,92,61,70,9,15,79,2,52,90,92,20,24,99,31,54,9,81,11,56,23,9,29,34,53,80,74,58,13,49,1,38,67,41,23,28,3,67,61,80,42,40,71,94,35,11,93,26,31,95,84,1,31,8,67,80,98,81,92,65,22,92,11,30,48,98,64,72,45,91,34,46,27,22,6,31,88,85,24,60,49,73,59,44,24,22,9,36,62,86,19,22,37
90,1,86,95,52,58,85,29,39,60,54,32,62,46,32,46,73,83,55,16,93,38,22,89,3,88,27,85,9,66,43,92,92,53,5,29,45,58,20,28,21,48,37,19,32,40,51,74,61,80,91,49,25,95,89,22,42,10,85,48,51,73,4,44,92,86,24,28,37,67,50,17,27,67,75,46,85,48,21,43,62,22,51,89,34,40,58,63,43,94,0,49,13,14,61,46,45,30,51,80
23,60,75,65,52,82,10,15,41,47,31,73,55,63,70,93,27,65,18,46,82,48,87,18,49,64,81,31,56,79,14,8,85,47,72,84,16,76,81,49,96,10,7,21,4,43,18,99,12,8,74,8,32,58,6,64,89,52,62,24,9,81,12,58,8,13,18,18,16,92,86,2,16,55,1,29,27,5,47,79,99,2,13,86,42,78,59,91,67,3,9,33,31,97,95,66,25,57,77,30
63,43,10,58,87,23,63,86,2,61,56,39,24,96,65,94,22,39,23,2,88,96,63,85,37,87,90,85,13,75,7,91,28,7,95,48,12,43,27,16,43,92,54,2,18,3,61,2,94,3,81,15,30,2,47,56,30,11,95,25,70,89,3,93,61,93,10,13,62,83,40,37,7,34,56,16,83,31,11,27,13,91,58,9,48,29,46,59,64,27,73,95,99,29,63,75,82,53,11,29
89,13,90,68,13,92,33,90,39,5,28,33,22,31,0,35,83,39,15,40,48,33,60,27,63,90,58,86,90,5,22,4,33,18,84,37,72,39,57,85,5,24,92,54,56,97,30,8,23,17,96,47,32,41,98,58,55,59,31,42,20,30,8,15,15,67,65,75,26,3,71,51,5,6,86,57,95,84,56,47,24,51,22,20,8,38,32,60,95,53,34,98,77,38,55,5,48,24,91,1
3,9,6,59,51,1,65,22,44,33,61,61,3,94,97,75,15,71,74,9,73,85,65,99,57,59,71,0,39,22,55,22,23,7,14,15,47,19,93,18,45,16,28,81,14,4,33,71,0,72,22,63,73,85,30,40,29,64,0,38,86,17,94,15,65,6,68,68,11,5,46,0,99,98,67,33,44,69,39,79,20,20,67,7,65,23,39,11,28,87,98,79,43,77,59,90,60,69,61,65
5,10,93,90,96,16,25,91,24,19,51,43,69,79,26,98,11,43,7,34,52,53,11,42,65,55,49,73,55,22,4,14,27,24,59,84,50,6,23,76,92,11,43,85,87,71,18,87,5,67,29,66,14,13,40,47,54,36,19,58,41,85,77,39,17,10,62,26,64,57,88,23,82,4,62,82,53,24,65,41,93,2,0,49,64,27,71,37,16,21,71,89,64,24,23,85,38,11,30,57
46,5,8,54,82,77,61,24,9,9,73,93,78,57,30,94,11,18,73,33,81,30,35,55,85,68,59,20,16,27,40,84,0,89,76,88,11,96,52,87,27,41,33,99,90,28,29,39,49,19,91,34,18,42,22,28,35,41,2,55,61,41,6,5,40,97,80,54,39,8,89,67,23,45,22,50,30,96,87,48,94,62,38,95,35,71,75,41,26,10,99,68,69,97,82,20,92,9,37,22
27,59,39,37,9,27,48,18,69,32,50,38,2,39,57,94,33,77,2,8,10,44,90,63,43,5,57,78,51,71,18,41,40,38,21,61,93,38,46,86,77,95,16,65,90,95,28,60,78,47,80,11,9,2,3,80,38,90,58,92,17,84,88,89,8,23,47,96,20,52,9,20,42,16,69,27,13,78,81,50,18,36,80,99,14,72,16,7,24,36,83,26,68,75,98,35,91,23,82,41
12,45,31,74,96,55,78,47,27,96,45,22,22,98,45,46,66,49,6,95,62,93,53,85,38,4,67,28,13,39,10,80,11,3,32,43,45,55,28,81,63,18,49,57,10,1,12,41,15,6,71,97,91,27,40,92,61,43,88,90,66,22,98,55,37,26,61,69,65,84,19,64,70,98,57,7,20,47,7,96,41,81,73,37,50,19,88,58,39,57,2,12,22,30,51,37,92,54,87,94
30,5,48,53,56,6,44,64,64,77,30,45,29,48,5,79,21,63,97,74,32,21,14,5,12,70,98,24,83,80,70,76,43,44,83,91,53,14,24,14,9,27,52,7,8,46,8,34,13,39,1,37,52,66,83,39,53,99,60,55,97,0,73,27,95,31,18,93,74,16,91,27,69,4,90,40,89,22,80,17,5,15,92,31,72,31,76,88,56,37,49,13,79,80,93,56,34,75,74,77
66,77,53,90,1,92,71,20,14,12,16,49,94,96,21,90,62,79,64,70,24,3,60,16,20,80,5,68,86,53,5,47,91,3,47,65,71,11,82,84,84,70,97,1,4,77,43,45,17,0,39,76,30,38,42,30,79,57,54,91,9,5,26,66,72,2,75,51,79,24,51,38,0,23,48,34,59,69,77,12,47,46,98,93,56,68,16,42,85,65,36,25,42,19,11,63,72,87,89,0
14,17,3,96,47,48,15,23,24,4,18,60,97,57,1,5,61,12,67,47,36,3,69,27,98,31,35,1,52,50,50,74,23,46,55,44,97,27,86,96,15,39,27,83,8,8,34,9,69,85,79,43,69,24,20,19,51,65,97,39,83,16,1,38,12,22,12,44,8,73,10,37,45,51,42,2,18,96,86,71,23,42,40,20,13,59,56,59,78,33,94,43,46,73,42,3,86,41,57,39
62,93,20,90,89,44,46,9,35,64,0,5,52,91,21,52,63,57,60,19,6,79,49,49,58,82,4,10,2,99,55,93,89,33,27,62,14,60,69,14,13,81,2,24,62,37,67,93,8,26,88,18,18,4,91,22,95,59,69,89,9,12,21,46,80,22,11,67,82,56,34,66,46,17,77,76,83,32,1,23,94,84,39,67,89,3,72,76,38,6,42,17,95,23,27,51,24,12,79,48
28,31,44,11,64,77,26,22,75,39,68,13,92,57,73,28,34,68,80,8,76,77,83,48,12,75,51,24,22,53,60,78,65,6,76,22,66,8,51,0,63,81,13,89,68,4,41,80,18,75,43,7,0,24,43,44,30,26,6,79,81,8,5,24,13,86,8,45,75,85,5,21,57,81,6,93,45,11,15,16,2,85,31,77,26,13,57,73,75,83,22,79,52,24,81,0,86,37,37,88
30,45,84,60,86,81,77,50,80,51,74,76,40,17,1,93,85,20,42,33,45,14,79,92,43,75,48,37,63,22,53,85,47,86,53,41,19,9,18,31,64,65,74,20,76,24,39,7,72,23,64,54,84,52,54,81,72,61,88,17,88,4,30,55,76,38,24,93,97,21,68,49,89,92,0,32,98,3,66,49,83,10,58,20,35,51,18,28,13,43,26,62,76,57,50,65,32,43,2,56
51,53,97,56,25,86,97,7,68,73,60,94,19,78,16,5,83,43,30,75,9,12,9,49,15,4,40,31,98,30,37,60,72,73,93,83,83,67,52,27,82,3,15,55,2,82,85,97,91,48,48,35,87,93,65,98,65,71,28,6,61,21,18,80,93,7,91,72,33,19,79,8,73,35,28,96,28,23,5,74,70,35,50,11,90,62,51,43,54,67,28,53,39,74,81,37,40,10,42,28
46,12,90,95,73,80,7,1,7,46,82,71,39,11,53,15,37,16,67,72,62,72,70,42,55,16,33,45,39,56,91,27,0,2,43,29,58,48,22,26,81,91,3,79,71,74,7,76,95,87,46,42,39,29,98,12,69,55,36,8,50,33,73,87,29,80,75,93,88,19,20,20,51,49,19,26,28,3,51,91,86,89,92,19,36,46,46,9,33,24,37,54,10,92,45,10,37,44,77,14
22,98,13,36,15,53,45,96,93,52,74,21,67,78,57,16,73,93,23,4,13,45,46,33,28,85,84,87,8,58,75,95,32,35,26,76,3,56,45,56,39,44,19,76,88,17,15,42,62,75,61,5,59,96,1,52,51,14,18,97,44,8,14,77,40,47,89,62,73,53,49,65,70,48,22,15,86,84,50,44,3,91,34,86,72,59,46,36,4,0,51,34,75,27,86,4,13,98,20,4
93,20,61,75,71,70,0,12,29,32,62,44,90,50,5,85,23,11,79,72,7,52,21,95,50,96,46,46,47,96,0,40,55,64,92,47,7,54,97,75,23,18,54,39,50,95,30,65,11,44,40,47,29,52,94,41,31,13,66,58,42,32,23,17,31,82,45,17,82,48,93,81,69,32,96,60,78,1,10,42,7,23,58,5,68,54,16,74,34,63,36,21,25,87,52,22,68,77,45,70
73,74,62,17,10,45,78,29,73,6,74,22,79,66,54,67,64,10,4,57,88,33,58,88,86,97,1,40,68,91,73,55,32,72,72,71,84,33,81,38,27,31,94,88,67,87,71,28,76,14,40,1,57,27,11,85,72,43,70,76,9,12,21,12,12,72,20,21,97,34,19,60,3,96,4,10,1,57,89,63,70,70,80,92,11,3,23,13,17,16,72,71,21,81,76,75,96,41,61,52
0,73,50,95,91,76,64,64,2,11,76,80,75,63,98,17,75,32,51,26,22,73,13,79,46,10,52,52,3,42,53,68,65,37,36,34,73,35,65,89,86,49,28,48,40,23,2,34,3,57,28,36,55,34,78,18,75,55,7,39,54,33,40,25,9,81,35,61,32,14,66,25,28,63,75,61,89,64,6,13,92,0,37,1,77,60,11,66,35,77,97,42,64,94,46,33,98,26,20,25
68,69,4,93,2,57,27,5,90,17,93,30,27,94,59,21,53,46,50,10,62,46,29,38,52,53,76,37,61,76,28,12,57,78,78,30,22,94,43,85,51,0,87,86,85,13,16,49,7,97,7,30,27,74,22,14,5,27,78,71,5,7,60,22,28,52,49,38,44,38,56,24,77,79,74,31,12,89,13,31,41,90,72,61,48,19,91,8,68,15,27,12,20,8,54,96,38,35,57,31
72,15,50,94,88,50,51,43,88,15,8,67,32,69,91,92,94,47,80,42,1,36,59,83,81,40,44,91,80,75,23,18,97,93,31,13,19,8,29,66,90,13,87,70,32,98,99,62,22,13,86,92,98,97,98,40,51,12,59,18,57,76,11,99,92,17,29,44,59,33,21,91,28,49,96,61,8,52,86,4,78,74,39,19,52,69,26,59,26,13,45,30,78,64,51,53,4,49,55,81
96,9,72,27,97,97,87,45,49,77,92,24,28,5,76,13,94,1,57,35,67,15,18,7,96,10,22,71,36,19,97,53,96,2,57,88,63,49,47,69,46,40,54,8,88,53,75,26,95,63,62,60,83,16,93,0,30,3,65,49,51,28,27,65,48,45,1,45,1,97,67,1,9,87,32,25,64,80,20,42,2,0,99,59,69,31,96,93,92,35,11,77,66,43,96,26,26,67,61,93
68,34,40,33,89,95,1,40,71,44,45,21,62,55,66,73,69,7,14,61,38,46,58,64,8,18,71,92,90,2,4,57,71,24,13,61,12,13,29,29,69,25,59,3,86,44,13,23,13,32,62,66,59,13,65,33,73,51,45,49,51,31,63,63,14,48,24,53,17,60,27,78,18,73,45,25,43,33,77,94,41,75,9,35,46,83,82,76,35,50,76,25,5,57,29,84,9,52,67,88
23,58,66,97,23,4,17,55,29,99,97,47,13,8,62,39,94,58,70,93,74,48,38,76,73,52,77,17,51,34,25,66,46,38,42,39,51,41,31,24,29,80,37,75,49,65,51,66,10,36,41,11,50,28,3,85,58,63,43,84,50,99,6,24,16,77,74,28,69,30,26,60,65,72,64,64,33,95,62,1,4,34,87,94,24,80,62,25,90,14,37,30,96,25,21,41,58,92,95,51
53,39,74,87,28,96,16,12,69,76,40,70,71,43,3,99,45,73,20,83,13,31,76,21,75,20,60,7,72,66,64,21,16,93,75,56,70,10,85,0,0,18,37,16,23,74,7,76,71,37,30,38,10,77,19,91,77,55,8,92,29,63,59,31,48,35,2,76,29,70,15,30,82,4,58,21,35,92,53,45,22,33,41,30,46,46,42,50,2,67,99,0,59,65,77,11,74,54,92,60
40,27,29,12,40,76,75,5,75,8,97,50,71,68,33,7,88,61,43,46,12,8,7,52,23,13,57,97,3,55,18,92,77,98,24,48,42,93,42,31,73,19,7,36,39,43,44,20,84,89,82,35,12,75,72,1,87,85,33,89,98,6,23,97,14,40,27,81,7,64,80,40,25,90,38,68,41,93,22,99,13,84,4,3,24,80,39,92,42,87,9,16,64,48,31,59,18,0,47,56
40,8,89,43,29,45,79,27,27,66,54,7,96,65,46,62,47,45,94,16,99,21,68,92,48,18,35,69,71,81,20,31,19,12,73,29,30,57,79,25,19,38,8,96,35,28,83,12,2,13,37,39,67,75,93,63,87,37,25,38,12,89,14,68,29,92,21,38,42,42,26,35,96,24,49,82,60,89,83,31,61,67,39,27,52,37,35,65,32,72,78,78,46,84,30,49,41,64,85,7
23,76,90,5,90,69,59,0,34,88,48,68,97,95,99,84,54,72,35,37,96,6,68,41,7,10,66,61,19,25,91,98,68,81,46,19,93,94,30,28,8,72,50,59,85,60,98,32,6,11,26,48,27,79,66,98,73,53,81,5,9,28,20,88,0,87,24,8,27,5,12,0,29,99,13,30,3,88,35,17,12,58,10,10,85,80,41,65,42,48,10,74,51,73,12,87,51,47,83,20
23,19,65,47,97,20,7,76,94,52,44,49,34,3,40,5,13,2,45,55,3,33,79,98,0,50,26,42,34,85,88,6,53,47,81,55,44,91,21,93,43,54,13,92,52,26,94,85,98,33,74,82,40,9,42,93,70,42,43,20,99,79,99,40,45,4,46,25,87,4,51,73,70,71,85,51,90,68,61,68,40,78,54,89,81,56,26,63,57,48,78,83,40,19,4,97,4,72,49,76
31,41,27,88,86,9,6,71,17,64,52,92,53,18,21,81,55,66,34,37,47,6,30,22,19,58,8,55,16,18,85,91,1,44,74,55,74,6,97,44,29,83,31,59,64,92,53,89,81,56,99,29,47,92,41,33,20,98,45,91,34,92,62,48,37,51,58,85,89,42,0,89,83,3,54,61,48,92,47,90,30,55,85,85,8,47,23,94,87,47,73,27,38,63,44,1,64,83,82,47
60,83,97,55,88,3,3,83,13,49,55,17,47,10,54,90,46,72,37,61,4,83,15,34,76,76,3,51,14,65,59,41,40,6,7,11,57,70,79,28,65,58,17,56,43,99,48,54,69,48,2,95,44,68,95,1,47,3,99,76,90,21,73,36,6,75,89,52,35,38,14,48,9,46,95,66,96,32,2,58,89,29,27,14,97,46,20,13,85,52,71,89,34,36,83,16,2,27,57,83
87,3,0,30,26,43,88,84,25,39,33,76,92,75,82,95,11,44,15,77,31,26,75,70,43,18,65,57,2,78,45,89,93,39,37,4,40,37,6,90,75,0,77,19,11,25,1,65,89,96,36,64,65,60,71,92,0,89,60,83,50,47,84,19,75,48,57,28,43,72,13,4,98,61,72,70,13,31,85,59,36,4,48,63,73,85,85,62,4,8,38,61,93,85,23,81,38,74,99,78
94,21,82,95,55,37,96,46,92,88,88,4,63,52,25,58,22,96,55,70,46,21,55,91,60,31,32,39,95,35,72,23,75,30,51,31,73,46,49,66,29,31,68,12,70,89,38,62,73,1,38,92,28,45,67,47,36,84,24,58,8,21,86,41,8,97,56,38,12,32,5,59,45,1,50,93,15,41,86,94,14,81,64,47,37,14,74,21,3,53,50,33,38,50,27,88,38,11,11,3
56,7,61,25,52,0,80,59,64,30,35,22,83,53,20,30,81,60,13,14,11,12,38,32,31,86,70,15,40,91,97,37,76,28,60,96,85,22,5,45,61,65,25,78,52,94,7,32,51,41,92,73,25,8,37,12,29,47,29,16,38,65,41,90,2,88,12,16,84,11,29,51,25,73,66,16,78,8,18,48,82,90,62,29,56,45,69,52,98,4,73,86,96,50,55,54,31,51,54,47
84,75,58,64,26,65,92,32,0,70,79,28,9,16,59,36,49,99,38,93,96,27,86,44,58,24,73,19,53,99,77,98,4,28,79,96,17,19,25,31,56,66,79,69,86,70,64,41,76,91,80,19,28,20,47,65,0,24,24,84,12,48,50,93,52,92,67,18,29,69,15,97,14,94,2,32,3,58,13,36,24,36,84,42,25,30,82,22,4,27,71,28,74,41,67,70,96,55,1,68
90,27,64,56,6,65,43,50,25,19,74,46,95,36,92,34,87,41,23,12,52,4,40,33,62,15,48,39,15,81,38,26,22,44,22,8,36,39,27,83,82,50,27,18,43,57,33,45,65,81,39,77,36,90,71,54,37,46,5,55,11,89,94,68,85,22,22,87,19,98,29,99,5,68,74,37,22,46,56,97,39,32,53,55,90,80,76,51,39,64,64,26,16,82,46,68,81,66,36,27
60,66,16,35,49,22,82,69,11,4,55,45,98,28,57,14,47,89,69,49,55,41,16,95,58,89,35,45,47,39,89,6,97,19,28,75,56,11,51,92,23,0,18,42,71,81,85,9,30,70,61,29,65,12,57,1,52,31,55,8,45,80,38,19,20,62,46,84,1,22,2,77,84,35,2,76,96,52,86,26,20,69,43,31,67,27,78,70,98,10,43,49,55,16,49,35,89,54,30,34
28,98,62,81,63,67,70,18,10,23,8,15,54,15,62,60,61,74,50,67,31,69,34,68,86,63,17,7,71,37,46,24,57,37,37,0,96,35,39,74,81,69,81,81,51,62,26,37,35,30,45,94,71,43,28,30,12,42,13,0,27,81,49,56,19,86,5,53,20,91,14,73,49,29,12,56,52,73,12,49,57,58,24,17,90,43,26,39,3,24,5,34,31,20,26,92,47,27,88,46
23,7,58,13,76,52,23,17,23,12,74,39,32,99,67,94,65,48,49,80,48,43,43,46,71,5,85,45,46,5,20,78,27,5,54,51,44,98,37,25,2,72,0,71,13,58,32,29,39,58,53,63,4,26,0,0,63,8,54,15,29,52,63,7,81,53,42,72,19,4,16,31,29,39,31,44,82,58,62,35,45,59,19,28,98,50,49,14,99,66,11,70,15,77,61,37,36,14,29,35
41,24,52,92,87,92,59,3,30,49,36,67,2,6,75,54,60,83,85,0,15,67,32,32,27,99,22,24,13,68,55,23,54,8,7,92,69,45,45,15,68,14,3,5,0,89,63,38,46,46,4,49,63,95,84,69,56,61,16,33,81,23,61,15,14,49,84,31,28,61,17,52,82,49,95,33,20,36,25,90,75,37,79,35,36,73,91,56,63,4,69,5,46,57,47,49,85,87,93,98
74,2,49,0,93,35,61,9,37,7,51,78,51,18,84,63,73,10,54,60,25,91,99,12,11,15,18,89,96,49,44,77,38,51,81,63,35,77,36,69,64,76,21,63,45,21,79,88,30,89,34,65,4,24,22,86,21,65,94,58,35,54,85,1,53,96,38,39,64,21,30,92,58,58,60,94,38,78,51,75,5,87,55,68,34,26,49,31,63,46,71,17,72,70,61,72,18,13,30,89
65,80,86,95,4,51,94,4,55,37,70,69,13,84,84,41,43,84,21,19,23,83,72,85,14,97,36,0,75,28,32,22,41,6,33,38,98,68,18,26,83,36,12,30,88,2,23,77,30,58,13,92,46,38,61,31,1,43,11,47,70,9,42,78,15,3,98,75,85,29,38,98,96,79,30,36,92,98,72,42,36,46,38,83,57,46,36,29,30,50,81,26,3,59,36,58,99,38,23,13
72,64,42,50,46,12,41,33,33,64,66,26,48,17,68,5,39,24,34,83,72,77,88,30,24,72,82,37,22,17,3,44,15,84,88,57,97,78,18,59,59,68,9,35,73,30,38,63,52,35,23,16,35,6,12,8,73,94,38,16,97,81,7,29,10,55,92,68,34,47,60,42,71,81,41,82,22,17,24,94,13,70,85,18,76,65,90,57,58,79,98,74,17,54,13,19,10,78,60,8
78,53,23,63,96,32,54,45,46,89,29,48,47,88,17,56,51,47,69,63,85,78,26,2,87,15,18,78,18,38,95,34,48,79,46,23,66,77,18,47,81,91,70,61,2,58,7,95,82,30,1,4,66,63,30,66,81,65,53,15,8,79,15,37,8,10,56,53,7,87,4,55,48,60,12,52,16,4,6,18,55,80,55,1,70,58,92,41,46,79,40,42,63,82,99,70,5,5,35,0
39,13,53,69,91,89,34,20,54,90,59,55,61,88,16,83,49,58,61,22,50,56,95,65,33,19,79,25,35,33,54,29,39,76,31,65,63,82,26,50,93,39,36,76,6,60,66,23,12,54,10,81,31,29,53,51,63,39,61,68,91,20,19,52,61,27,27,65,59,97,87,24,31,8,14,49,60,66,48,75,48,36,93,24,4,18,89,94,46,68,51,30,42,24,82,58,74,0,51,70
89,34,73,75,14,40,89,13,14,45,87,68,0,70,94,17,53,73,67,60,22,71,81,61,10,90,57,79,62,18,1,81,87,1,45,52,64,65,55,19,10,73,24,55,75,63,81,94,81,26,86,97,27,76,22,73,86,96,59,42,57,99,44,28,7,28,55,86,50,96,88,42,87,34,2,69,9,74,56,59,19,55,36,4,31,6,72,95,8,52,98,52,19,48,85,85,89,47,86,62
20,36,21,13,40,87,52,57,26,42,20,41,75,36,7,55,62,73,33,84,28,80,66,37,87,79,94,71,15,51,24,76,9,18,89,96,10,27,10,80,35,75,83,93,47,89,75,87,19,6,35,23,77,0,89,72,65,17,69,59,23,21,62,24,28,39,48,0,82,75,16,91,21,54,81,65,92,92,10,0,93,7,36,21,77,41,4,18,45,87,43,49,73,7,29,10,79,59,54,93
65,19,46,9,79,16,64,4,44,17,59,24,39,33,16,78,41,52,79,45,68,50,2,12,99,95,49,43,84,98,11,66,6,13,70,27,27,76,26,13,12,21,97,55,15,91,24,10,30,3,98,23,63,28,24,17,58,80,6,1,16,14,13,60,76,84,25,18,47,13,79,91,77,9,3,9,36,70,16,21,91,62,29,43,77,27,55,41,4,68,26,5,60,0,37,7,13,87,57,14
36,39,60,34,12,97,15,57,34,87,50,30,26,88,92,8,99,72,87,86,61,5,77,49,68,80,72,72,64,45,6,28,92,30,60,46,55,5,76,50,68,62,15,12,82,84,22,60,30,6,60,76,11,79,47,5,29,27,31,85,18,7,34,76,53,35,5,89,21,27,21,20,39,13,38,75,45,51,53,39,38,79,36,49,61,83,91,79,92,93,56,12,24,27,0,66,72,20,92,49
77,23,17,72,88,97,7,48,83,4,28,0,19,96,38,21,34,31,29,33,79,20,5,36,84,77,3,29,87,39,70,42,92,90,5,19,23,47,86,90,29,68,49,64,85,15,93,65,65,11,43,56,68,78,99,1,11,78,39,0,83,4,51,96,96,64,8,88,49,40,93,69,89,49,82,59,63,72,89,20,28,28,86,34,98,20,59,6,46,66,22,49,97,98,35,39,34,66,39,43
97,21,97,8,25,50,55,47,95,11,48,75,46,16,81,16,72,10,69,66,95,90,61,35,40,70,59,27,51,46,45,42,6,67,29,39,94,36,22,64,58,33,82,84,22,83,91,60,64,87,90,93,83,56,61,66,55,22,75,43,15,72,10,52,33,45,61,85,50,40,99,2,8,42,87,61,30,70,60,14,67,43,32,13,79,47,49,23,99,87,3,51,12,77,37,44,79,27,53,44
76,69,42,74,85,0,28,55,10,80,51,59,79,12,15,47,61,15,62,54,33,32,26,76,90,21,10,26,81,59,44,65,80,29,5,63,59,82,15,48,90,73,33,99,70,91,1,15,17,4,73,24,74,30,74,97,28,6,42,34,99,25,89,23,99,90,70,22,25,59,30,9,97,30,89,55,48,26,18,66,26,50,61,28,44,28,87,71,53,11,32,68,74,48,78,5,14,50,90,70
7,59,81,67,62,83,90,48,1,10,50,30,67,39,28,15,78,89,43,34,44,61,90,97,52,93,97,65,13,71,41,28,75,43,75,91,43,7,7,74,13,15,21,59,31,38,68,88,48,87,1,29,78,74,9,83,84,73,6,82,40,91,72,90,50,73,15,97,13,80,24,1,72,77,36,65,85,1,34,87,26,23,26,68,47,17,17,88,17,47,18,47,80,75,80,71,54,56,30,70
28,71,47,69,89,45,89,64,50,76,35,9,43,7,48,67,49,56,72,5,41,42,82,63,55,83,11,2,84,94,95,85,98,15,94,75,95,86,87,89,51,17,24,69,50,64,43,26,11,19,22,56,62,4,83,55,48,1,2,92,82,20,31,39,60,29,89,78,15,4,99,54,22,41,35,69,96,43,66,34,66,66,1,5,41,87,78,72,13,26,23,46,22,46,45,35,64,43,27,42
36,70,20,68,25,47,19,30,81,81,65,4,84,71,57,73,86,87,29,66,89,15,73,36,42,42,53,87,76,97,41,45,5,47,97,87,53,28,35,77,85,28,5,12,43,75,44,54,6,11,81,86,60,29,96,41,43,72,56,67,49,58,9,99,91,82,63,51,74,37,74,23,25,95,48,45,93,58,73,38,82,57,64,2,51,10,34,59,48,82,68,17,72,65,61,12,94,21,58,27
22,89,30,45,85,90,50,87,90,71,0,95,31,73,26,49,21,6,5,26,55,37,44,15,24,77,64,3,76,76,89,76,74,83,6,52,31,42,84,15,2,42,89,97,71,66,27,78,98,33,18,14,63,76,78,11,49,33,89,60,48,30,52,25,16,86,56,47,0,64,38,33,17,82,7,83,88,22,70,9,94,66,55,2,42,39,75,60,20,94,96,14,79,96,78,74,15,82,4,5
88,43,38,70,48,45,26,95,70,58,85,51,31,0,6,87,83,66,6,81,99,66,2,37,61,96,96,6,19,30,64,94,93,18,77,28,37,56,88,2,56,1,68,20,49,51,22,54,43,93,98,17,71,56,52,58,84,38,27,42,37,81,97,27,20,37,0,8,30,59,6,6,73,29,23,44,48,47,41,97,8,21,44,33,35,35,56,24,52,83,34,8,72,42,84,43,81,50,60,96
34,27,43,23,37,6,25,50,54,40,31,77,58,85,77,26,8,78,80,1,14,43,20,20,25,76,14,49,50,67,9,37,19,55,17,95,42,1,45,32,49,67,64,17,13,47,13,79,94,67,42,77,34,73,74,94,61,90,61,25,46,57,8,27,75,52,36,75,15,32,2,75,5,47,58,7,12,2,69,60,86,71,57,17,42,4,82,70,92,15,2,84,27,23,29,31,17,62,14,17
6,8,11,0,25,5,37,50,62,16,84,64,12,44,42,72,67,10,55,78,56,35,54,28,75,70,5,51,32,33,1,30,62,4,30,23,76,84,18,98,70,85,81,65,57,33,42,62,87,35,29,57,99,86,84,2,73,81,22,63,96,12,74,75,13,69,46,4,48,84,54,41,62,36,65,73,60,20,96,3,67,96,28,66,2,0,78,45,57,63,74,36,91,24,1,25,58,21,19,38
