98,1,16,47,23,71,51,89,57,68,2,27,17,50,92,71,72,4,80,18,16,28,92,34,2,42,39,24,4,12,38,21,60,63,4,62,1,81,47,1,31,84,73,38,62,14,76,1,50,25,88,98,78,62,60,85,23,8,47,97,48,45,15,14,23,34,38,26,21,83,88,32,72,10,88,56,15,50,64,96,20,92,75,39,1,92,40,29,95,66,43,93,90,58,92,20,75,47,99,52
13,65,31,19,12,63,50,61,9,18,35,75,18,40,1,39,44,49,93,69,90,64,99,60,2,98,30,32,36,60,85,52,18,48,15,53,65,33,48,93,21,21,3,41,70,34,67,67,89,69,41,50,16,98,16,49,8,43,75,26,53,28,71,87,78,58,86,78,96,2,69,88,78,95,22,86,50,4,72,72,86,67,9,18,19,98,20,56,79,0,75,34,94,40,26,43,33,24,9,68
69,11,28,39,1,51,88,8,40,92,95,97,87,46,81,23,67,16,46,46,95,38,32,98,33,20,41,47,88,71,0,50,35,25,97,27,8,44,78,80,62,62,88,41,20,31,89,15,13,44,68,79,40,70,96,5,4,70,87,10,83,69,20,49,95,27,94,28,65,97,60,9,45,19,7,76,23,62,29,0,38,97,83,27,46,22,64,70,14,88,11,87,4,52,62,49,18,94,4,8
46,23,30,78,48,1,40,75,53,41,47,69,92,74,5,21,67,25,61,15,0,60,94,34,23,52,52,54,72,15,89,2,44,77,97,24,10,15,97,9,83,57,78,68,61,58,35,68,42,19,15,15,23,32,38,50,11,2,57,35,99,56,44,11,59,42,70,62,1,82,80,85,73,85,42,59,33,67,56,88,90,64,76,91,9,55,44,35,53,98,12,81,37,98,35,4,11,72,13,89
49,33,95,4,54,83,86,28,1,41,46,27,89,59,43,8,88,50,74,66,29,59,55,54,39,76,61,97,25,43,12,91,79,21,47,18,11,98,9,98,21,59,24,11,6,58,47,38,3,57,58,5,0,39,31,87,69,88,97,27,49,73,35,90,10,21,35,52,90,17,82,67,73,44,38,84,50,65,7,84,26,43,98,43,62,5,89,21,64,49,13,88,9,95,68,74,38,26,81,3
72,15,33,33,94,61,63,53,6,46,3,26,67,76,42,45,99,97,35,4,56,9,19,37,48,63,24,74,48,9,0,20,86,56,14,4,50,71,10,40,76,49,41,73,99,25,53,45,23,24,60,74,74,49,83,48,90,20,22,2,33,52,58,0,99,55,79,85,63,10,50,62,82,42,49,95,16,48,14,2,23,33,93,15,1,7,84,76,3,52,89,52,67,24,35,96,76,38,72,37
81,18,95,88,86,24,94,75,43,56,12,89,35,65,65,4,38,73,86,17,95,4,18,94,86,12,55,4,22,56,45,85,33,84,19,79,32,24,98,87,60,30,30,46,87,74,95,30,14,67,61,69,74,73,38,61,75,79,9,89,72,26,63,62,98,56,1,10,8,79,74,36,98,36,44,62,84,42,93,21,51,40,45,43,56,72,50,87,94,25,46,50,73,10,37,27,45,37,7,53
41,42,79,57,66,14,42,78,52,70,9,47,27,52,10,82,27,65,96,93,34,43,73,64,69,11,4,57,27,89,43,20,98,69,80,10,2,49,42,84,61,15,90,76,38,53,27,90,76,0,61,36,62,64,69,4,87,21,24,17,42,67,34,40,95,11,79,49,47,88,50,94,24,87,67,90,32,43,50,37,47,11,65,56,17,54,66,24,8,88,65,52,43,91,97,29,40,21,63,0
94,88,31,17,19,0,92,46,28,16,81,11,0,9,94,14,61,78,44,35,64,40,68,33,94,66,68,99,9,65,21,47,53,97,74,62,30,16,93,59,41,39,50,69,21,59,42,35,15,31,79,3,70,74,56,44,61,65,13,47,32,97,9,40,73,6,59,61,91,79,8,52,84,79,6,35,40,54,84,17,33,32,36,77,99,8,9,10,41,36,4,29,74,0,9,92,96,56,33,19
78,27,60,22,41,37,89,96,70,20,84,51,39,95,46,96,30,15,61,59,46,82,85,58,66,80,7,40,1,53,99,73,19,58,51,53,36,31,42,45,9,17,8,3,24,12,44,23,74,40,57,0,19,0,73,85,48,63,52,99,68,34,38,11,94,75,30,42,16,92,48,67,64,62,55,87,69,41,16,59,67,0,52,54,21,46,38,86,74,5,94,37,80,34,95,17,13,7,85,60
39,23,92,91,18,0,17,72,54,75,61,49,0,19,56,47,3,32,20,96,99,46,30,54,22,26,41,40,3,87,74,81,84,10,37,18,6,73,27,39,25,10,88,64,4,39,71,99,81,48,71,92,94,8,86,20,88,86,32,95,8,74,43,78,64,66,9,20,65,7,47,85,22,88,25,78,86,3,23,61,24,92,28,48,14,59,52,74,99,34,48,18,29,27,31,86,76,21,5,41
26,3,22,9,11,92,42,36,1,15,5,79,30,40,57,20,46,17,9,56,87,80,33,69,17,64,41,30,81,5,93,22,63,66,38,16,14,73,75,40,78,82,76,96,23,20,4,84,61,22,54,66,82,56,64,50,71,6,68,56,3,23,38,89,95,6,48,83,67,58,12,11,39,97,40,10,2,49,53,57,89,96,21,76,5,40,21,29,12,22,71,95,42,89,35,90,97,43,12,4
22,22,60,91,84,62,73,77,29,65,2,74,99,37,39,20,79,46,46,73,98,39,74,57,6,45,62,71,81,47,81,39,40,26,36,47,94,25,16,8,4,20,23,63,48,26,5,19,93,53,59,29,88,48,78,54,1,83,18,64,45,29,20,76,71,2,54,5,13,73,39,61,93,33,59,35,12,47,78,69,35,79,54,28,12,98,88,51,9,98,61,22,44,43,66,61,75,39,57,72
46,63,1,39,98,86,93,67,18,51,68,6,24,12,74,54,88,58,69,49,0,37,7,69,92,62,31,6,52,62,41,45,70,84,83,34,8,97,66,99,80,18,90,98,79,35,25,33,94,74,94,12,89,33,78,62,55,92,93,62,11,69,50,80,42,41,67,1,58,68,24,55,19,99,37,5,56,16,40,20,72,90,73,4,3,62,87,13,28,14,43,57,34,65,33,45,11,57,56,2
39,62,72,80,15,4,84,93,47,32,67,55,46,20,28,45,14,59,94,31,72,84,23,50,96,36,23,65,86,84,82,43,73,6,84,5,36,38,67,80,10,12,33,49,81,1,48,89,2,29,4,5,72,74,43,52,82,86,79,23,79,57,89,48,39,51,60,13,62,91,87,36,25,52,85,96,83,54,98,9,95,34,23,93,63,20,60,16,47,42,32,8,49,90,28,45,50,8,33,31
70,1,16,50,99,68,49,8,79,96,81,67,20,74,51,4,90,4,14,19,95,58,38,31,85,18,81,7,85,56,46,47,61,78,36,18,66,10,87,77,24,7,59,64,45,53,73,88,8,45,58,3,16,94,65,11,28,8,44,67,3,37,90,94,64,17,64,34,71,4,6,30,69,88,99,71,96,59,78,4,80,80,51,79,49,28,25,6,96,57,18,93,52,23,37,64,84,14,32,6
74,44,73,18,44,99,43,30,92,82,42,7,48,65,34,25,63,62,61,96,21,32,14,98,22,62,33,53,0,82,10,91,65,24,3,98,29,74,65,45,86,44,91,69,68,46,32,63,16,78,58,96,93,15,20,68,2,40,68,96,58,22,81,77,10,2,99,2,37,16,31,34,74,92,71,77,34,25,62,98,79,51,0,57,20,91,30,62,16,27,17,4,93,78,24,29,49,12,94,88
68,9,85,45,27,32,65,49,87,48,71,20,14,91,85,88,46,6,44,55,47,37,60,69,26,44,50,67,36,3,77,0,50,54,37,43,85,45,70,68,9,67,53,22,98,11,11,41,87,30,74,56,92,51,51,51,0,25,89,93,96,7,7,13,95,26,50,51,3,34,70,3,83,72,36,79,78,35,92,10,51,35,65,73,8,69,60,42,12,38,40,57,0,53,66,68,79,39,36,73
78,50,12,46,19,33,32,44,73,6,90,97,77,36,96,71,79,40,1,44,32,47,81,5,99,55,19,25,61,40,27,22,73,45,92,5,87,88,87,93,77,47,8,14,63,81,3,71,24,64,77,57,64,98,15,93,82,20,29,90,63,86,24,30,14,94,94,18,77,41,33,0,50,95,73,60,94,35,29,41,69,75,69,55,31,67,34,72,73,80,36,86,18,53,82,18,3,68,51,92
94,7,55,10,61,74,46,76,95,39,21,4,10,17,79,78,86,71,94,56,3,99,76,33,3,73,36,44,56,75,31,13,49,12,90,95,35,3,57,20,87,11,70,46,27,82,62,18,6,72,70,89,0,82,64,87,1,64,68,22,63,55,45,23,60,16,50,50,79,44,2,49,24,40,38,67,74,48,11,67,10,13,21,73,51,91,65,45,15,66,77,18,58,82,79,99,95,76,62,80
89,78,82,37,64,61,29,15,46,41,88,73,79,11,63,41,31,38,65,13,90,38,97,78,89,87,87,15,25,35,89,46,89,15,73,54,0,56,63,56,15,55,64,92,98,59,67,1,14,91,27,17,66,20,82,84,9,64,20,57,91,63,13,23,37,17,67,69,51,37,95,4,34,55,97,2,66,62,36,10,0,12,74,95,97,53,61,23,81,98,2,34,92,5,39,92,36,78,1,13
46,4,83,20,52,13,22,28,15,3,52,46,89,18,47,90,66,42,46,39,62,66,51,12,47,80,46,89,16,70,14,31,9,1,7,71,37,39,7,5,97,20,83,74,96,88,9,94,56,38,44,71,34,32,99,44,75,96,24,75,0,71,98,51,48,14,44,15,18,75,96,36,91,56,63,67,76,86,48,3,14,51,58,38,8,90,60,79,98,67,59,62,96,5,77,98,95,4,85,54
77,77,20,3,11,36,83,50,63,86,5,62,31,82,74,15,20,94,51,75,45,57,76,41,7,93,76,25,43,63,8,86,7,9,32,28,29,0,66,51,23,87,41,51,60,0,48,4,47,46,66,81,92,76,29,0,55,91,39,80,15,51,4,36,80,65,10,46,37,88,39,89,48,10,21,23,20,16,21,64,67,86,8,46,89,30,16,79,97,53,79,67,89,31,31,4,42,87,66,0
86,65,47,41,54,92,20,55,5,30,81,71,90,16,95,29,74,23,93,64,14,80,48,91,78,44,66,14,43,11,54,21,94,83,66,49,4,86,92,7,13,39,60,62,0,40,39,4,93,17,71,53,61,13,4,70,45,90,65,28,17,22,77,40,76,27,95,93,67,24,99,74,31,38,89,10,11,88,93,28,84,39,25,95,20,78,45,96,82,38,94,93,22,5,92,52,88,70,57,43
74,99,27,42,49,57,15,37,71,52,24,47,23,99,39,59,59,57,23,68,55,27,96,36,23,86,17,88,11,29,92,19,2,57,76,90,81,0,59,44,38,11,72,6,10,53,53,71,34,82,96,52,68,32,55,83,58,80,1,41,11,97,68,65,88,82,88,42,40,15,82,28,17,10,73,55,44,7,45,5,17,85,57,11,68,63,77,85,68,65,82,30,72,22,67,43,98,7,76,8
43,62,46,69,21,35,66,71,73,67,11,84,25,62,66,75,8,95,90,7,55,2,99,47,47,0,72,13,63,6,9,7,99,95,11,47,2,43,15,36,80,74,26,12,28,64,89,45,0,48,85,15,53,9,27,45,71,86,57,68,39,66,94,83,95,24,95,71,3,84,1,21,40,56,47,97,74,59,19,63,26,67,16,78,3,68,33,48,53,9,22,22,37,76,41,1,37,0,59,91
11,64,2,35,89,41,3,43,10,22,0,98,14,65,6,98,35,78,88,75,73,95,30,56,78,83,95,77,96,15,15,27,7,14,61,94,61,60,57,49,3,76,43,98,84,87,8,77,98,38,65,40,25,75,85,90,83,30,28,89,72,80,65,85,38,4,76,27,30,5,37,53,35,81,3,12,36,64,94,8,13,26,73,32,13,30,41,84,67,90,82,52,61,54,97,81,75,82,19,71
67,43,81,60,97,78,92,32,5,49,29,37,40,3,83,40,65,33,22,19,34,54,52,9,69,89,30,97,52,45,88,71,74,21,35,19,86,11,53,97,19,0,60,54,7,55,32,22,30,2,62,58,2,17,9,93,1,30,25,60,11,83,79,60,96,82,35,1,48,31,53,46,15,90,64,5,89,66,11,92,95,69,91,17,35,37,20,49,48,13,11,23,75,98,41,6,53,70,92,68
99,22,90,73,91,95,97,71,43,98,97,4,57,63,24,60,35,97,56,77,49,1,71,55,98,21,89,51,99,81,26,35,51,28,76,9,48,39,98,13,28,53,2,33,76,77,87,54,14,52,10,72,88,26,81,66,38,53,90,80,76,24,0,46,57,21,42,11,87,32,37,93,52,22,55,44,77,19,64,38,98,44,3,7,52,29,59,40,94,11,66,86,48,31,59,58,13,29,66,4
57,16,80,70,58,47,0,1,14,70,74,87,45,11,81,43,48,39,14,10,72,90,19,61,8,19,7,35,70,19,87,82,44,78,92,79,64,38,64,8,45,51,76,91,80,83,7,39,77,84,78,59,65,57,13,83,87,62,58,0,77,38,83,55,55,56,2,3,32,17,89,76,61,1,41,58,22,52,83,62,90,20,35,12,23,97,71,29,59,21,75,44,54,39,14,24,39,35,95,26
28,7,97,97,73,88,74,97,71,33,67,79,17,67,95,49,99,91,48,33,70,32,30,10,93,55,81,2,7,30,72,61,93,99,18,94,20,95,16,84,80,59,58,30,27,85,30,43,73,1,99,75,12,26,50,1,33,77,34,93,43,40,22,55,44,15,45,21,51,39,40,54,6,18,86,53,19,45,14,14,24,72,40,44,19,40,28,61,0,90,7,49,95,76,75,85,98,74,0,59
93,55,67,14,80,69,13,62,91,34,66,6,98,52,1,83,15,51,78,53,30,23,66,33,11,75,33,95,1,29,85,97,82,38,26,6,74,70,14,77,17,88,91,3,4,0,73,19,10,29,62,36,71,64,40,12,17,2,4,69,96,42,42,30,79,53,0,54,58,4,50,96,13,12,49,97,88,88,65,17,3,88,11,0,37,87,30,53,92,8,11,30,84,56,10,65,96,90,69,82
23,75,97,77,5,43,73,69,79,3,21,0,99,42,26,33,73,61,37,89,21,84,66,33,89,77,1,58,27,96,12,27,63,80,54,35,93,55,60,5,79,19,55,72,96,76,45,29,74,8,44,38,36,47,11,4,8,69,47,59,9,96,93,71,38,41,10,73,64,24,42,21,27,95,61,85,17,94,73,72,61,43,7,40,87,80,88,43,9,30,51,73,82,59,68,0,98,0,34,87
23,2,60,86,81,78,61,59,27,61,56,76,48,25,92,60,54,94,48,34,82,7,19,62,53,30,96,12,29,31,88,95,47,71,38,42,60,19,3,72,90,34,19,33,86,86,8,99,67,23,29,51,61,87,51,16,6,31,82,92,57,10,25,24,73,52,41,80,42,45,68,88,65,14,79,88,41,93,94,36,21,63,1,30,39,68,49,94,42,46,14,88,39,88,29,90,62,60,59,91
22,67,31,90,1,70,84,45,83,75,99,94,94,3,68,63,81,76,39,31,18,10,71,5,90,36,8,66,25,57,54,4,39,30,95,92,53,10,57,75,96,72,3,85,46,24,21,95,18,8,39,62,65,27,60,81,57,1,13,90,28,48,75,46,89,82,80,16,36,72,21,96,4,3,95,72,30,18,69,92,29,82,45,79,4,55,0,51,2,57,32,1,52,70,99,7,99,73,83,25
43,1,90,18,28,40,90,0,53,72,90,67,16,31,8,28,91,3,28,30,91,81,82,28,13,28,88,31,63,83,79,1,58,15,1,6,91,61,46,65,83,4,59,30,94,54,59,82,89,29,65,78,1,3,26,86,38,92,12,70,17,78,28,54,58,38,69,52,34,97,55,94,68,25,1,45,24,97,23,56,5,88,68,51,98,5,61,33,5,90,56,71,32,77,11,66,73,29,51,84
80,33,82,17,83,30,16,51,3,68,36,43,74,61,56,49,66,32,23,91,59,15,70,68,57,68,36,90,84,60,7,16,77,42,58,38,50,29,74,95,59,35,99,70,91,76,54,29,84,44,30,80,4,64,64,63,87,7,36,35,37,73,84,31,72,85,11,82,67,91,76,17,44,81,97,10,16,77,84,4,16,6,83,36,49,82,61,36,99,77,64,60,36,28,90,68,97,2,16,14
85,10,16,32,22,62,56,42,75,50,90,25,96,84,71,56,69,36,94,82,46,40,74,34,65,94,62,21,81,47,64,22,33,19,73,61,39,41,52,6,53,58,48,7,77,16,27,97,96,16,22,53,3,38,76,99,22,69,19,66,63,40,83,61,81,91,43,64,93,63,4,75,33,60,31,95,40,22,96,13,70,81,37,1,4,16,19,64,83,7,28,58,42,70,45,84,47,90,53,88
77,81,45,45,18,15,95,22,48,8,76,74,84,29,44,64,98,74,28,24,83,61,93,72,42,77,91,19,24,40,89,63,49,83,63,51,0,94,82,46,59,45,25,4,33,85,35,84,24,18,81,19,62,96,29,19,43,33,56,27,27,36,23,70,39,80,35,57,19,60,69,73,36,39,46,85,29,66,99,20,79,54,98,75,61,87,78,82,1,35,76,61,10,91,15,9,70,47,82,57
34,75,98,89,85,19,12,4,51,97,1,71,18,38,95,19,5,97,1,97,38,85,1,42,81,86,25,51,31,38,62,43,96,63,90,41,85,92,38,33,76,55,29,49,38,17,40,84,9,20,81,94,32,25,83,97,26,82,64,25,83,80,51,88,93,46,36,57,95,96,78,78,76,95,1,27,58,70,2,27,27,54,64,12,0,17,25,90,39,92,60,7,78,91,47,17,77,15,76,87
10,14,25,48,97,0,42,27,55,35,24,35,49,85,41,64,76,88,32,54,30,80,63,36,46,32,31,13,51,35,37,76,43,11,13,54,18,74,3,41,22,73,71,52,43,1,52,15,49,5,33,26,22,87,24,32,59,97,54,25,1,1,24,10,54,62,14,14,99,82,11,12,52,87,25,78,94,13,23,56,73,77,97,78,27,87,61,72,52,91,93,44,61,87,78,8,68,89,19,83
52,91,62,89,24,62,83,67,1,55,34,35,13,33,44,25,66,61,83,72,92,76,50,51,65,95,4,96,37,79,98,88,79,20,69,18,38,8,91,68,50,65,69,26,61,34,24,6,34,44,73,58,39,48,59,75,73,37,42,47,42,44,30,16,53,81,35,48,60,31,81,45,3,28,41,89,43,45,97,17,95,92,71,66,36,96,24,95,30,87,55,49,54,43,0,10,76,58,0,49
93,69,9,10,47,45,3,2,4,59,13,1,65,39,42,5,6,98,71,85,55,60,55,39,77,90,96,31,48,53,24,38,19,43,16,55,57,11,34,53,85,76,3,44,76,87,6,59,70,52,61,35,29,69,35,86,47,58,35,57,87,15,43,19,90,45,87,11,25,27,34,3,18,69,81,99,10,97,72,49,13,69,65,6,82,28,83,51,24,95,40,81,25,19,2,67,92,67,93,19
67,74,22,13,55,66,57,2,86,83,48,90,42,96,85,70,28,79,23,39,30,28,7,92,3,10,67,85,56,70,66,57,94,33,18,24,14,0,66,91,67,11,15,4,8,95,19,2,83,60,37,41,32,91,84,34,9,26,25,37,40,9,60,88,17,80,90,81,18,24,67,56,2,70,63,69,61,20,27,1,17,12,28,90,59,85,61,17,19,50,97,39,66,6,44,92,9,75,97,82
34,52,33,3,39,76,27,52,95,25,87,71,62,8,62,34,80,32,89,3,34,26,40,12,89,90,32,67,2,88,42,48,17,37,77,71,33,1,87,24,81,66,71,15,24,84,31,73,28,54,41,21,31,76,22,95,89,6,56,5,0,18,87,9,39,63,1,45,15,74,79,80,28,38,47,17,66,17,53,57,14,30,67,67,79,20,38,5,55,41,47,87,72,85,1,92,68,42,18,54
52,33,41,55,67,33,5,28,1,64,42,54,72,18,43,40,47,2,92,36,5,40,29,20,71,88,30,34,32,62,67,16,16,95,47,43,44,4,7,53,71,16,73,29,71,9,10,89,87,92,82,1,49,0,95,51,29,80,18,39,23,12,32,59,84,45,0,24,79,18,40,80,31,10,87,10,48,53,67,29,39,63,3,27,89,51,10,97,60,36,84,36,97,87,5,37,22,76,90,98
69,78,55,50,81,50,99,14,44,23,92,61,66,40,90,80,93,73,9,70,20,89,76,2,91,49,62,89,57,85,40,41,40,61,38,29,24,86,23,37,72,45,44,79,98,62,21,58,36,93,46,57,87,47,26,68,82,25,21,24,40,64,66,95,31,37,1,57,97,70,39,89,75,90,24,58,8,37,94,26,14,27,66,99,73,26,2,59,66,39,86,97,22,31,3,33,44,81,32,31
83,38,47,28,52,61,28,37,93,42,8,76,2,56,6,16,93,74,54,95,66,65,40,42,31,11,35,97,48,34,36,26,91,92,25,80,96,7,37,22,70,59,21,26,38,11,67,12,30,75,55,75,10,29,12,75,1,89,9,44,15,0,30,98,17,56,8,81,80,41,50,50,0,88,62,46,26,98,41,91,17,19,3,64,95,7,83,34,4,42,27,59,42,22,67,83,47,77,59,50
3,61,29,62,70,38,43,27,74,86,61,54,60,44,8,38,91,63,38,67,35,81,78,11,30,96,81,68,90,68,21,5,65,20,87,78,69,22,83,18,11,69,4,94,98,67,3,52,45,5,7,22,71,94,51,46,62,12,9,34,43,30,23,4,63,53,48,17,62,78,39,39,71,89,87,80,7,61,75,39,18,62,40,39,24,30,19,21,16,50,44,95,62,72,37,6,17,62,19,37
94,74,21,51,35,65,96,89,78,95,65,77,9,56,11,25,96,65,82,9,77,72,86,66,20,71,88,76,34,94,52,1,77,67,66,39,66,93,79,94,51,86,60,88,69,49,53,28,68,47,16,16,58,67,83,19,93,21,58,28,63,14,90,23,77,98,31,85,71,9,94,34,1,89,64,64,30,70,14,82,87,66,86,29,90,21,33,73,86,94,62,42,95,77,90,1,88,81,60,13
67,32,25,79,68,52,56,36,22,49,85,67,40,55,30,0,36,97,5,84,84,99,88,15,57,52,70,28,52,43,75,96,87,30,34,79,90,22,2,99,93,2,71,93,74,27,69,53,45,68,80,75,54,35,99,40,80,46,52,33,96,30,86,44,41,25,97,80,51,67,98,16,49,62,90,66,61,49,59,99,63,53,55,95,0,25,49,91,13,38,31,5,28,59,52,57,32,33,16,32
85,41,19,7,95,8,53,54,0,0,33,93,33,2,60,3,0,14,48,13,64,3,29,98,90,21,99,90,84,89,69,3,53,30,37,10,10,54,92,2,38,18,62,47,33,12,66,57,31,91,88,87,89,29,87,56,69,34,30,4,99,36,73,22,79,26,64,17,3,10,23,61,81,60,46,36,59,31,4,66,1,7,86,72,49,35,98,68,91,37,23,86,78,59,67,10,24,92,45,56
19,38,50,76,50,37,60,58,73,35,92,79,38,60,96,9,96,69,12,85,17,53,94,59,5,50,59,54,84,15,65,48,22,31,95,17,96,50,80,9,82,54,11,25,8,35,83,28,27,73,28,39,42,64,84,22,98,31,1,68,66,3,90,26,80,37,75,4,9,18,50,59,97,44,25,11,53,96,69,73,24,18,67,59,12,87,68,62,14,3,34,5,40,47,14,6,6,13,61,97
84,25,28,81,83,13,52,91,26,53,7,89,38,53,14,26,79,20,97,77,20,7,5,45,10,83,39,64,84,69,42,92,19,81,2,8,2,25,23,96,19,76,77,91,95,56,27,15,42,35,85,4,58,99,79,66,3,76,54,31,48,53,43,33,40,32,45,30,99,20,8,36,85,65,64,94,69,58,39,70,34,29,64,78,8,48,65,66,69,23,74,9,61,87,28,92,73,82,12,32
78,47,36,93,35,15,44,70,23,63,12,25,31,66,97,96,27,3,28,0,91,12,35,9,0,45,68,34,92,54,48,24,56,0,27,29,84,58,19,66,56,58,80,76,6,9,51,73,50,34,81,49,57,29,64,89,50,7,86,14,84,58,61,37,25,97,96,46,88,35,90,20,55,95,33,96,86,2,46,30,39,10,49,43,46,61,51,94,60,9,77,52,49,56,77,93,96,75,10,4
83,40,25,66,6,62,4,54,85,90,95,68,22,9,34,56,17,77,0,89,32,36,15,16,83,98,30,33,14,85,49,9,49,64,48,19,51,61,44,87,75,13,55,45,92,15,74,36,71,99,23,89,80,57,2,96,24,13,65,17,27,96,79,43,41,18,32,73,28,31,83,59,19,37,77,64,27,83,39,62,5,41,47,80,62,70,49,74,45,3,99,79,36,64,49,9,4,88,53,45
18,91,11,5,26,55,83,15,98,18,43,21,90,48,6,57,11,61,68,52,81,36,38,32,91,80,15,40,7,16,24,55,53,96,48,61,90,20,23,54,85,14,52,33,32,13,51,94,24,35,51,92,23,56,70,87,95,67,59,5,60,70,51,21,3,27,33,6,14,3,19,34,77,99,45,78,77,6,99,92,12,13,30,19,4,22,7,86,24,21,12,71,51,60,70,41,87,52,82,29
29,64,99,41,45,43,78,32,30,43,40,90,76,32,84,84,43,39,72,88,73,93,43,55,81,63,14,24,82,78,22,50,3,66,54,36,73,16,45,46,94,73,40,5,56,40,30,39,75,77,2,66,26,55,59,3,15,89,7,14,84,92,43,70,96,32,2,79,42,14,91,89,39,24,29,66,12,35,83,1,50,37,12,87,66,86,3,49,86,58,60,55,13,49,68,55,26,95,36,84
37,98,2,35,29,99,70,11,40,69,84,1,62,26,92,1,60,9,10,72,35,45,17,79,21,55,85,76,42,17,83,22,40,47,16,73,54,50,43,81,9,77,22,41,98,91,24,2,42,47,58,40,9,82,26,82,91,43,32,18,81,87,78,97,14,32,5,75,59,78,60,49,40,1,40,6,94,40,47,14,92,70,59,93,40,12,87,25,12,68,91,56,37,87,4,56,92,77,91,89
50,95,69,8,84,21,2,31,14,53,31,94,54,76,89,28,34,96,22,69,70,44,31,82,91,45,64,84,58,87,50,97,24,1,64,66,44,33,50,24,42,90,58,53,1,55,45,43,26,54,46,7,2,6,26,45,33,73,37,46,17,14,20,45,87,49,97,48,29,32,8,73,36,57,6,2,74,19,45,6,24,23,76,20,64,65,16,39,20,6,22,90,18,85,52,76,20,41,90,50
15,17,24,30,26,66,69,46,56,39,86,60,50,15,56,61,87,80,54,61,85,66,34,66,51,47,17,33,24,76,32,93,39,60,75,28,77,5,31,52,5,32,69,81,10,71,27,62,66,85,19,55,91,63,61,66,50,70,76,86,68,64,40,63,4,29,88,55,26,1,26,37,1,50,34,70,22,72,72,33,24,61,97,53,34,44,50,22,23,23,27,17,68,49,11,31,36,97,33,34
65,52,31,73,14,72,32,25,62,62,94,80,38,42,33,27,76,1,92,60,78,22,70,34,14,13,50,35,56,44,14,98,59,45,74,23,67,8,93,82,85,30,52,30,8,65,20,14,48,29,79,10,1,26,63,21,79,44,91,78,70,95,51,28,50,49,82,89,96,52,56,55,0,7,84,42,47,33,3,15,41,67,30,50,16,17,11,92,75,90,57,80,46,42,58,93,30,47,91,59
20,13,68,26,97,4,61,4,29,50,99,79,6,42,89,75,72,35,53,2,95,8,6,94,49,86,89,27,89,35,16,82,55,16,78,11,30,24,70,41,23,82,31,51,72,85,65,55,81,51,12,36,76,49,91,2,85,33,25,45,24,39,57,96,5,91,27,28,79,58,75,23,26,52,82,96,89,16,62,81,76,28,26,74,65,9,5,15,75,13,51,54,73,7,92,72,60,94,9,6
73,65,28,3,26,39,36,9,58,98,34,28,16,84,24,70,0,27,88,64,28,42,32,80,85,58,90,73,0,96,7,86,51,32,34,71,37,22,79,67,32,70,85,95,51,55,18,39,10,70,22,8,65,32,13,99,53,19,32,98,78,90,94,35,35,7,7,17,6,35,87,27,80,86,14,36,69,78,35,65,43,72,94,33,62,92,76,88,22,86,95,22,13,44,91,59,9,46,17,48
80,37,82,49,57,53,53,2,38,78,23,85,50,9,29,0,56,68,82,66,41,53,24,62,93,18,89,17,31,70,32,89,45,78,18,80,41,2,79,39,58,19,52,75,95,98,51,16,66,25,73,20,56,53,46,42,17,98,36,8,89,22,30,6,16,95,30,51,20,44,56,0,64,88,79,76,71,96,9,63,35,23,55,15,91,69,30,89,22,30,67,87,25,26,26,10,25,7,49,21
85,1,52,27,49,29,72,86,4,42,82,40,26,33,23,5,93,46,58,9,29,48,27,50,58,15,13,3,80,11,50,76,59,68,67,95,41,97,20,79,43,64,8,31,9,19,29,5,83,82,56,15,2,5,43,67,10,46,33,51,23,84,27,44,54,70,27,92,2,99,49,19,8,86,36,66,45,28,99,78,84,37,27,14,2,99,51,27,20,68,65,15,15,90,38,62,21,16,52,16
73,97,13,98,89,94,91,27,85,5,47,23,41,19,72,44,14,43,54,22,88,18,25,94,50,58,82,35,7,92,15,90,11,40,7,92,61,93,58,20,88,88,12,89,55,85,27,15,28,28,55,9,59,56,27,40,3,3,95,8,67,99,33,85,10,26,52,39,48,16,56,20,75,26,7,67,83,27,22,72,10,12,67,8,57,5,23,51,25,95,33,74,91,40,25,16,70,17,5,99
2,38,56,55,53,91,54,14,16,5,49,17,66,24,67,39,87,78,65,78,15,93,97,98,57,48,41,23,1,91,92,87,3,53,59,75,1,56,50,79,14,52,17,78,37,89,31,32,4,23,5,57,38,98,85,37,12,24,85,7,8,91,28,25,56,47,70,22,42,31,30,24,20,30,25,15,17,60,98,64,28,31,76,60,2,48,83,33,68,37,42,50,79,47,29,14,2,40,84,16
84,64,13,10,10,13,5,13,9,86,95,24,5,18,47,44,43,81,67,77,28,11,52,58,22,64,88,81,46,38,30,99,61,4,77,70,7,33,17,79,17,64,48,73,41,57,89,12,69,91,70,67,49,23,97,27,92,9,92,82,30,45,99,13,61,5,8,65,56,20,20,99,23,28,44,40,11,15,19,37,87,89,0,31,31,98,80,20,11,64,78,94,66,79,18,72,15,27,11,2
21,89,14,3,97,94,6,13,64,15,33,28,47,97,92,67,24,22,47,56,67,62,39,60,90,21,69,94,10,59,55,97,45,98,26,56,74,22,15,87,78,81,80,51,28,86,75,95,67,5,69,52,54,51,30,4,92,1,76,37,65,41,60,78,69,82,55,99,78,86,64,34,33,94,29,80,89,56,37,31,14,55,9,60,69,46,50,28,57,60,61,29,50,28,32,55,2,37,5,56
71,96,63,7,77,53,40,28,66,57,46,83,19,64,40,92,26,11,19,89,47,49,21,81,88,80,4,24,5,52,7,3,90,76,79,68,61,83,23,24,78,23,50,4,92,81,41,69,22,96,33,76,8,77,52,87,13,40,51,82,43,25,64,24,95,64,46,91,27,79,55,77,46,18,29,60,9,58,97,2,2,48,78,73,53,96,80,25,39,41,28,99,73,7,80,56,21,54,3,54
29,25,5,74,77,59,97,41,51,74,14,30,92,1,73,17,47,32,57,28,65,4,27,90,3,24,22,85,56,0,82,13,92,98,25,28,89,16,14,50,30,21,20,92,49,9,52,21,33,89,37,90,19,47,37,63,1,62,10,28,20,12,48,84,78,11,54,14,55,46,28,25,48,60,67,44,68,8,74,54,68,63,32,55,56,62,88,95,90,9,45,76,98,67,37,1,39,57,95,54
44,37,30,29,10,74,10,89,91,59,0,69,17,20,45,83,33,85,79,69,14,60,93,83,95,63,65,50,8,6,1,80,53,7,2,15,59,88,46,64,57,36,17,91,28,87,65,75,70,67,50,28,64,11,89,79,38,71,71,38,10,64,32,73,99,49,46,98,77,47,21,44,50,43,82,16,8,26,56,84,32,44,78,4,65,20,56,8,42,89,39,35,6,5,65,52,96,19,81,38
14,70,39,84,41,71,71,24,66,28,82,78,19,38,90,20,65,50,90,35,94,70,38,2,66,27,57,65,31,91,1,52,22,27,0,53,15,90,83,75,52,85,39,81,39,75,57,70,23,43,20,84,72,29,4,27,18,71,49,23,76,90,11,14,72,79,67,61,82,54,36,86,14,98,59,11,60,80,55,37,31,56,73,95,7,83,18,91,34,20,73,8,1,13,25,55,59,43,48,84
51,65,32,10,22,49,24,47,47,3,21,26,53,76,60,50,4,9,20,85,22,81,28,63,83,75,53,0,49,98,45,83,27,45,8,32,72,31,28,12,13,56,11,97,12,86,33,75,27,14,56,75,85,71,44,30,52,93,81,53,30,73,32,20,3,58,81,94,92,45,83,49,99,62,76,92,29,50,55,54,65,12,51,57,89,16,38,30,92,8,45,12,23,11,96,18,97,19,50,93
28,29,59,47,42,54,30,32,92,57,75,65,58,26,93,72,86,76,67,16,53,57,40,77,62,13,97,42,92,70,53,32,71,71,74,70,66,89,49,77,53,10,68,53,9,16,88,31,11,65,29,72,31,88,21,55,56,4,10,58,75,19,8,32,11,2,44,39,31,19,93,14,92,50,93,79,40,88,73,10,14,60,65,89,90,28,11,17,4,48,30,17,95,44,87,44,29,71,71,78
28,21,72,29,61,0,99,18,15,80,8,20,94,74,42,45,25,56,53,26,39,6,69,8,37,56,76,86,14,89,62,1,49,63,46,39,68,94,5,24,43,6,82,51,8,85,1,91,40,69,54,63,80,13,94,55,24,27,66,72,38,39,81,33,27,69,57,1,21,76,2,89,67,48,91,20,97,14,52,94,7,33,77,69,37,63,62,25,15,13,67,36,19,85,58,90,84,7,94,38
87,56,77,94,42,50,49,53,87,83,27,87,21,99,86,67,39,13,49,37,85,23,37,43,35,69,16,67,37,9,23,22,20,81,90,26,6,19,36,21,52,66,46,93,27,34,59,46,63,83,43,2,58,69,15,75,71,75,37,4,12,71,27,46,60,50,62,92,16,71,18,65,17,75,35,52,24,4,55,8,91,33,41,38,33,76,52,9,60,73,54,78,23,87,39,90,13,22,88,31
7,72,10,11,51,38,74,1,44,41,37,67,81,59,71,61,67,40,6,84,4,86,58,45,84,58,81,98,73,98,91,95,62,66,89,53,98,15,5,28,39,66,71,62,36,29,86,22,58,1,83,83,38,87,97,51,54,38,25,89,38,58,69,25,69,96,97,94,61,40,4,78,21,94,47,83,94,29,77,24,38,81,42,30,23,58,16,55,48,42,31,39,4,99,93,88,1,71,78,68
71,1,12,49,6,58,4,96,55,20,64,44,77,57,4,70,0,28,56,83,59,71,65,64,96,73,72,56,22,1,94,32,55,90,17,38,89,60,63,70,63,2,88,73,9,95,2,58,93,87,39,93,33,97,30,92,5,5,5,94,61,13,38,93,63,89,66,80,24,47,57,66,23,59,92,62,27,86,63,67,43,53,76,67,93,29,27,72,28,4,71,72,46,9,54,62,87,1,46,49
21,15,6,47,33,43,0,65,87,19,92,29,72,63,22,35,72,20,67,6,22,3,78,14,49,62,77,99,40,71,36,66,31,54,98,42,95,80,40,2,97,54,14,59,14,11,32,14,35,29,47,44,87,74,89,28,98,30,30,31,5,33,84,89,83,20,36,16,48,72,83,79,61,41,52,79,12,43,82,25,28,75,85,58,72,9,76,0,91,55,1,73,45,72,64,6,54,36,42,3
13,17,2,73,24,30,52,16,7,39,69,0,67,65,14,35,26,53,56,8,49,64,9,3,33,79,22,92,3,26,31,15,46,61,99,4,74,60,11,40,39,95,89,79,22,57,88,60,76,82,51,70,3,42,32,9,91,79,70,79,85,4,61,32,50,93,7,55,20,73,15,60,62,38,47,2,82,72,48,69,86,84,30,18,71,51,13,25,54,2,43,84,44,13,86,54,48,53,63,8
90,59,84,6,94,10,71,30,7,17,64,56,30,73,7,82,51,18,89,87,43,42,55,71,51,84,37,30,92,41,13,11,94,94,80,27,30,58,87,93,31,94,43,75,42,24,64,48,72,65,31,34,80,62,55,85,81,87,26,69,9,38,45,73,90,39,5,95,3,38,62,29,83,1,90,1,6,29,53,94,2,30,48,26,45,1,58,28,50,70,50,69,6,55,94,77,41,3,79,63
78,32,0,6,20,85,38,39,27,91,7,39,4,41,95,17,50,19,83,70,5,82,65,65,53,45,20,97,78,16,26,26,85,22,40,50,15,85,31,89,0,56,43,98,47,26,38,78,13,93,72,70,14,27,32,22,40,56,85,33,94,59,95,33,44,9,39,90,18,69,99,87,9,88,93,11,32,77,66,61,29,12,62,48,51,72,27,92,17,82,74,84,8,87,5,63,68,30,5,36
22,86,81,95,88,80,47,79,82,15,31,3,20,49,87,80,47,67,6,91,12,90,12,35,43,52,6,57,47,74,75,10,50,16,0,87,8,72,21,98,90,37,56,0,9,46,62,34,97,34,33,40,13,99,93,19,40,91,50,61,67,88,93,75,36,31,89,73,23,70,7,55,47,43,52,56,34,64,26,23,45,13,61,74,66,2,25,48,23,97,36,96,24,37,21,8,25,92,54,53
1,29,48,57,31,86,94,27,87,15,60,23,52,89,88,43,22,51,65,57,89,42,17,76,48,38,50,99,46,95,82,93,29,28,97,44,59,91,83,27,20,32,35,98,14,47,4,34,89,83,36,15,52,90,27,48,45,94,37,77,60,6,23,66,63,13,64,58,0,84,46,92,78,20,61,88,2,84,10,22,12,50,28,86,71,82,1,71,21,1,33,57,32,82,92,36,43,73,12,53
39,2,67,53,77,19,32,65,48,68,61,85,75,16,80,2,46,20,99,36,36,66,10,35,26,28,69,97,18,16,20,65,47,42,39,0,60,3,39,21,29,72,31,41,92,71,49,43,91,53,76,9,7,36,92,87,59,26,18,2,78,64,61,35,54,95,81,53,78,96,94,92,82,42,74,38,58,93,36,68,95,39,1,17,22,59,57,49,83,12,2,21,25,45,88,49,61,78,15,87
54,87,6,53,32,59,37,81,25,13,52,49,96,90,64,34,48,44,44,8,12,97,11,79,35,94,49,85,15,49,89,34,6,59,65,37,26,24,82,28,21,3,93,69,9,48,9,46,17,72,63,1,63,0,16,29,95,29,68,83,21,82,79,32,5,49,33,97,26,91,98,55,58,43,6,12,47,95,77,0,46,72,73,64,8,28,24,80,85,77,38,70,2,14,22,59,90,11,9,98
2,95,51,72,9,2,74,88,35,20,63,46,86,87,43,40,36,64,49,21,79,50,53,3,28,67,89,81,88,19,18,71,41,35,16,86,59,8,64,57,90,20,23,23,68,59,59,6,26,67,97,14,62,43,6,59,23,83,75,83,76,61,26,32,19,71,61,94,86,97,17,94,16,78,34,2,89,39,45,40,54,92,44,94,36,49,97,29,39,70,18,11,1,11,14,67,52,60,18,69
32,59,92,96,81,24,0,72,96,88,85,40,60,83,81,1,12,7,91,21,12,71,90,24,84,34,1,62,85,54,20,68,92,87,1,30,42,1,36,74,43,28,34,79,12,90,88,38,64,49,83,54,55,67,95,57,27,86,44,58,9,29,70,87,24,94,37,75,12,19,43,93,40,5,39,61,69,39,32,61,10,72,50,1,79,50,82,9,35,34,96,22,35,69,33,52,98,7,8,95
57,45,81,35,52,24,42,77,39,59,30,39,48,78,18,82,72,1,88,47,98,50,96,24,55,64,19,67,47,89,67,37,52,47,21,72,37,20,10,43,95,22,97,4,62,43,15,13,27,23,43,45,25,81,76,7,84,7,25,46,15,12,64,2,62,43,20,2,57,98,57,94,40,45,28,71,98,90,34,62,37,1,43,61,35,44,94,90,86,57,10,19,62,7,82,53,23,63,28,69
57,80,67,97,92,92,61,85,15,82,55,7,45,54,88,80,73,27,59,93,21,8,72,71,77,61,69,52,85,46,47,63,12,59,37,10,29,29,52,16,44,71,86,54,22,6,22,62,40,95,59,85,2,83,97,34,5,81,80,54,77,75,98,64,52,27,41,80,68,2,33,56,34,41,87,66,66,46,46,10,27,36,52,33,7,13,86,10,44,62,29,65,78,78,88,56,64,10,69,39
68,22,1,66,32,72,29,28,48,33,12,93,27,55,27,38,79,95,94,94,20,77,79,90,35,12,56,51,50,35,68,31,78,94,57,27,54,87,96,51,64,77,35,57,29,57,0,55,65,66,47,92,53,81,33,42,65,36,31,97,9,42,72,50,2,61,70,84,14,86,99,95,17,15,56,98,70,31,33,59,16,95,66,12,19,9,18,22,62,82,79,5,68,88,4,31,5,58,32,28
43,1,94,3,51,39,40,43,85,93,82,93,65,48,2,17,84,10,76,15,21,58,2,38,17,39,43,10,11,73,89,29,78,44,11,53,20,24,32,58,90,66,66,28,52,79,48,19,10,20,13,92,33,83,91,66,70,59,64,65,4,1,28,30,28,97,25,15,43,65,77,68,69,7,91,55,79,88,6,26,1,61,59,55,15,53,18,97,35,99,9,91,51,47,93,81,17,14,59,47
23,85,13,38,60,63,57,68,84,29,10,74,13,70,93,36,11,33,0,12,90,38,65,52,42,19,99,22,76,20,88,99,29,67,94,68,22,37,82,54,34,71,28,63,15,90,66,1,23,75,36,74,41,32,61,11,49,38,67,21,4,25,23,31,45,48,31,76,38,10,17,94,29,88,80,18,49,72,80,90,24,38,72,38,25,70,57,85,48,39,8,65,95,5,16,24,79,48,49,32
73,34,53,43,26,74,23,78,74,92,10,85,28,30,61,20,2,91,49,92,2,79,34,79,99,56,27,69,82,15,73,87,44,59,23,0,3,17,26,26,19,24,55,23,63,98,78,45,11,41,74,29,69,49,99,7,73,21,99,20,42,30,90,71,20,25,13,60,84,91,71,75,65,88,33,63,68,93,94,2,30,41,20,74,92,6,5,20,41,63,56,77,2,56,14,13,37,54,84,44
21,53,48,17,26,83,25,49,55,21,96,85,73,6,36,37,88,55,96,79,10,9,53,26,38,37,35,69,89,11,75,72,82,59,86,82,96,43,49,24,88,30,88,8,5,86,99,21,99,19,19,48,13,79,29,39,77,62,3,58,31,94,18,75,45,63,58,73,9,66,18,36,87,23,45,70,62,38,17,64,62,30,66,47,70,7,12,95,96,23,76,57,27,73,22,2,95,64,34,79
58,69,23,67,19,53,44,28,50,17,51,87,22,65,54,39,21,78,65,29,18,78,58,62,58,12,44,35,34,92,86,44,68,76,41,43,43,16,79,94,49,82,23,60,11,71,32,67,36,54,68,37,26,93,50,8,13,60,94,58,54,21,17,60,31,5,51,9,49,90,6,33,51,6,21,57,6,92,50,26,45,51,64,68,38,27,39,7,50,35,15,94,79,14,38,63,38,24,7,89
27,6,31,81,6,6,3,4,15,70,43,75,1,33,91,42,80,48,77,77,83,17,53,62,1,46,74,28,10,4,65,4,94,3,94,42,78,56,25,30,59,88,68,5,67,44,37,23,75,37,19,58,98,46,68,77,68,30,92,49,80,19,47,82,45,36,43,61,32,38,36,21,15,16,82,59,42,23,19,24,85,67,75,13,25,89,88,78,14,78,54,19,25,73,31,27,49,56,33,22
6,68,43,23,27,69,51,11,61,63,31,19,98,3,84,66,68,57,64,45,54,42,86,76,94,8,65,20,29,98,76,64,52,89,82,78,82,44,84,74,13,34,81,86,54,38,23,30,73,14,44,29,88,84,71,85,78,19,37,79,94,22,58,97,63,22,74,53,9,84,66,16,71,69,5,60,25,29,34,71,73,47,28,37,82,67,81,15,55,18,32,76,90,39,43,66,78,61,51,97
