50,12,98,40,42,57,39,2,34,98,1,59,56,91,30,65,33,80,61,29,47,76,30,59,85,33,65,59,7,39,24,91,2,19,57,28,57,19,96,83,93,10,35,69,87,96,55,7,22,79,89,63,39,28,93,89,12,71,96,69,54,88,59,31,37,62,46,13,88,32,34,2,54,65,71,97,50,11,36,51,88,70,13,78,29,20,12,64,7,10,39,13,50,63,83,7,78,85,79,44
12,47,95,81,51,69,25,7,1,87,46,99,15,88,9,15,32,78,68,50,18,43,74,6,37,22,86,82,80,87,99,1,34,4,62,58,20,26,11,64,72,86,13,24,10,41,71,23,42,1,31,93,28,77,91,11,22,58,0,81,28,82,8,60,0,5,15,31,32,44,26,94,13,9,93,85,72,79,80,2,13,72,6,18,88,83,17,31,36,88,99,20,38,4,63,2,53,87,3,24
13,44,36,65,59,29,45,35,18,2,12,93,16,77,13,42,6,65,0,85,99,66,92,93,57,86,6,55,23,39,1,44,83,73,29,99,45,27,84,5,39,15,87,60,3,35,57,71,0,89,45,40,99,13,49,22,20,63,10,2,45,31,1,28,53,92,83,37,11,90,35,37,39,84,60,68,51,67,29,76,12,63,6,30,32,70,91,74,92,40,53,78,45,96,61,5,86,66,2,24
56,89,52,55,87,4,22,19,37,3,97,94,3,17,20,86,54,37,27,99,65,65,9,7,63,77,3,52,86,26,5,58,74,80,3,84,89,10,74,88,96,82,25,47,36,41,73,23,72,84,53,82,49,95,28,18,0,98,70,39,22,31,64,41,84,26,14,6,13,21,50,82,60,13,33,21,25,88,22,71,66,94,86,93,75,28,90,36,37,86,16,20,32,91,86,80,88,62,69,61
65,92,87,39,5,86,65,50,55,63,87,61,15,28,60,51,61,87,95,69,36,55,37,56,36,31,36,40,78,69,29,68,2,79,31,19,72,38,46,94,25,54,4,12,64,82,63,73,16,42,71,65,3,27,64,75,1,75,31,80,78,52,54,43,9,11,66,40,9,6,6,59,9,9,28,8,99,80,45,20,16,7,3,34,33,15,46,32,66,90,90,61,30,1,97,19,85,82,51,13
0,70,90,39,40,83,43,25,91,83,49,44,48,82,55,94,86,76,68,19,8,11,17,68,35,0,18,59,19,25,66,48,62,77,52,32,87,68,30,85,1,77,1,10,58,67,79,8,95,57,72,50,35,53,30,42,9,57,71,28,47,14,22,44,42,15,34,48,60,23,33,59,14,77,8,51,72,64,1,78,7,90,5,96,90,78,28,28,9,95,47,55,79,23,41,3,19,16,9,75
36,20,64,29,39,2,82,61,96,30,65,52,24,44,98,88,28,1,64,20,57,26,63,83,24,48,86,69,94,54,62,9,22,7,86,77,85,54,89,11,2,59,16,83,34,13,18,73,75,71,46,0,16,54,67,93,53,55,11,38,55,49,99,98,91,89,93,89,87,32,55,48,99,30,5,18,4,71,3,4,90,97,15,69,80,23,11,36,4,18,65,66,87,40,77,60,71,43,1,79
55,11,72,84,30,59,81,62,26,69,1,60,11,20,68,62,83,16,25,35,93,44,27,73,96,86,61,42,17,76,44,92,4,42,13,81,21,99,48,63,77,30,50,72,50,89,33,30,26,4,32,6,67,82,83,81,38,67,68,26,7,82,73,44,38,26,48,4,6,45,95,66,90,33,43,46,63,86,25,12,18,43,20,10,82,73,39,61,94,77,94,0,46,1,94,51,47,6,50,18
54,67,88,20,39,42,13,46,79,5,87,29,58,96,32,46,73,85,53,30,5,17,96,76,91,99,16,23,42,32,41,82,66,43,80,76,97,67,43,66,51,44,68,35,44,45,45,22,20,50,61,50,53,54,77,3,73,64,37,78,79,26,88,13,67,63,32,57,22,82,5,89,64,75,84,38,8,65,64,15,73,49,78,70,3,46,80,49,92,11,49,8,83,83,87,68,41,18,13,6
72,80,53,93,18,15,35,49,49,83,10,23,73,94,58,44,41,4,50,18,12,47,65,29,1,4,48,57,22,29,65,66,53,24,22,27,9,60,42,35,0,89,35,20,85,11,17,68,13,4,13,1,3,81,69,59,27,82,48,98,61,91,40,96,5,36,72,6,50,89,94,11,75,73,56,31,70,25,44,22,70,39,72,9,42,24,69,97,80,89,43,5,66,44,2,39,8,10,4,35
81,41,12,78,92,51,96,18,10,40,56,54,12,0,79,80,46,23,0,43,71,68,0,3,47,44,48,67,97,2,41,37,20,96,85,95,99,65,48,73,38,48,49,94,9,76,26,54,94,58,3,74,10,88,1,52,67,93,29,80,61,0,89,95,82,49,66,75,12,82,97,83,42,47,48,7,34,22,23,45,35,56,65,24,60,90,3,23,44,81,21,53,57,56,84,44,57,87,31,10
2,57,80,62,8,70,78,82,85,48,41,11,75,81,17,51,96,36,63,81,21,97,99,80,74,4,60,54,92,11,11,36,23,92,23,0,37,46,73,22,70,30,33,32,19,83,85,31,32,78,3,56,48,68,59,97,51,20,28,14,66,0,67,53,43,87,12,72,69,14,85,18,51,84,16,76,23,66,95,95,62,45,30,88,51,89,39,52,8,15,27,54,79,65,96,92,22,23,58,86
14,46,74,83,66,9,98,97,38,87,62,96,11,64,42,61,54,95,93,69,5,98,96,66,26,66,26,96,24,3,15,12,8,1,9,61,12,59,23,62,8,65,28,54,62,27,35,45,71,8,35,30,82,33,84,71,2,60,21,14,2,27,60,36,4,64,11,98,36,88,35,12,34,35,27,15,79,35,34,26,16,32,71,12,85,30,40,22,39,77,45,64,21,33,71,80,82,84,17,67
66,29,67,44,65,46,70,14,31,3,42,78,23,52,84,15,81,81,15,52,4,77,41,61,16,11,19,16,48,87,79,68,12,6,53,10,62,59,19,30,6,46,34,28,75,78,33,97,22,62,7,59,94,74,57,70,21,59,91,22,76,73,37,61,60,2,86,57,50,40,32,89,62,39,36,98,16,79,40,65,7,64,78,32,62,38,7,85,49,17,94,1,45,61,88,4,40,22,42,84
51,87,77,42,60,94,43,6,34,56,24,8,15,45,8,67,31,56,50,89,83,0,56,36,78,63,66,91,98,14,14,7,67,37,83,87,25,43,22,13,74,70,53,17,11,76,14,69,87,70,72,19,91,58,14,38,83,27,55,9,79,9,60,49,13,57,91,14,1,54,82,45,22,94,2,38,14,46,77,16,7,53,51,82,54,21,47,13,85,42,79,9,63,9,36,96,19,60,14,91
96,77,15,75,37,84,44,34,75,72,53,19,35,89,14,21,12,69,3,18,73,99,16,28,43,9,91,33,67,3,21,59,32,82,93,80,26,44,90,74,21,16,92,51,81,72,21,22,92,92,28,31,12,26,21,73,32,7,55,60,6,72,7,84,49,88,36,93,52,97,6,63,40,19,34,2,73,90,14,5,75,29,16,55,14,51,32,53,97,1,56,84,51,82,90,98,17,4,83,8
65,83,24,13,58,13,36,87,59,45,9,42,12,56,15,51,12,12,83,99,87,72,66,91,41,62,13,53,44,61,98,63,93,53,77,35,85,48,66,65,64,92,22,96,81,39,80,68,67,54,88,76,54,84,75,56,18,65,74,9,36,58,99,10,19,31,92,31,85,30,13,95,21,25,82,6,17,41,94,0,4,67,78,5,26,59,94,19,31,13,90,39,53,7,3,45,24,19,81,79
4,4,83,89,54,66,86,85,4,16,54,22,39,15,29,90,8,74,39,84,48,94,48,99,87,87,38,13,50,82,87,96,72,64,67,58,31,70,5,56,23,92,27,55,0,30,2,52,1,27,45,2,76,27,86,24,27,64,87,62,45,20,33,9,82,50,79,50,3,90,86,7,79,24,64,25,22,10,31,31,87,44,45,26,32,61,0,25,62,18,27,44,66,82,70,99,31,3,16,9
42,96,23,85,49,0,97,23,80,22,17,36,81,57,8,2,17,4,13,13,66,33,14,56,90,11,25,72,18,18,70,40,7,59,0,71,73,96,52,92,48,62,27,79,20,94,80,64,35,62,65,28,58,62,10,12,56,28,75,67,33,89,62,84,83,5,15,69,36,80,99,7,9,11,97,33,38,59,19,69,89,22,32,5,61,59,80,33,77,3,79,91,62,60,89,77,77,18,48,41
42,98,80,50,40,25,84,9,84,37,51,52,98,63,72,93,7,17,67,77,54,1,54,84,12,3,54,30,77,35,78,70,85,93,92,84,9,34,56,90,38,58,9,42,15,80,22,43,62,27,58,60,75,65,99,43,51,70,27,9,76,70,85,19,78,95,24,2,98,66,26,50,54,97,88,40,78,87,84,20,16,15,46,3,29,38,97,94,61,60,23,49,19,80,58,59,28,20,80,97
96,95,79,78,5,30,78,3,15,97,98,96,86,73,24,5,63,31,20,22,43,8,8,93,9,29,53,46,9,2,80,36,50,36,84,54,23,57,69,96,4,58,54,75,3,16,31,84,93,28,49,22,17,27,6,0,33,4,79,82,48,50,12,56,48,52,99,71,82,15,28,60,8,68,23,90,63,87,28,65,13,10,0,18,11,40,34,77,67,97,61,9,43,53,12,93,6,39,51,87
77,76,54,5,32,52,41,92,19,71,87,40,89,5,0,10,2,95,46,54,11,31,46,26,1,86,91,44,46,18,81,98,75,61,33,4,15,4,86,40,66,72,5,65,55,18,81,89,49,16,91,87,97,99,67,75,22,87,34,49,63,41,36,77,31,16,76,88,3,71,36,45,36,37,42,82,73,99,55,62,30,91,83,11,47,61,82,31,39,43,49,83,76,51,18,56,25,44,65,29
1,63,69,12,34,61,90,56,51,60,24,19,80,20,12,38,68,24,12,66,53,79,51,4,40,82,70,15,11,7,83,45,32,65,90,58,63,40,74,61,62,30,90,97,34,83,79,84,84,38,56,31,96,54,33,25,48,91,73,16,43,87,95,99,7,29,31,54,73,87,9,91,72,49,22,74,47,10,63,68,44,4,51,0,7,76,76,49,11,60,73,53,37,43,38,71,95,68,85,51
49,72,0,68,88,18,35,53,38,74,94,69,43,39,8,75,11,52,61,1,64,99,41,80,72,67,73,28,38,17,5,25,44,38,22,53,65,23,52,34,25,36,42,15,35,80,58,66,35,65,23,94,46,16,7,12,84,18,24,18,34,33,48,62,27,78,4,24,43,38,2,63,37,59,86,9,17,44,10,80,39,21,2,90,7,80,60,72,46,19,53,78,88,88,58,48,33,17,17,4
86,88,60,94,48,35,71,66,5,58,1,3,40,87,54,20,29,75,79,15,66,15,59,93,62,92,78,6,5,10,75,9,43,86,51,59,49,78,62,51,31,1,90,72,11,17,52,99,99,5,4,23,82,34,41,81,86,47,86,52,39,19,67,25,47,36,13,42,1,25,51,96,34,97,64,52,51,70,23,2,98,99,45,23,61,55,46,57,87,97,90,39,68,77,4,79,15,9,70,5
62,13,53,53,17,59,18,32,75,62,67,19,10,22,86,44,51,88,22,57,81,82,65,12,75,70,45,68,6,28,40,76,1,14,23,3,39,21,94,19,53,22,35,86,33,7,59,16,14,40,44,12,62,18,89,86,46,23,36,67,78,93,83,29,89,68,47,12,12,86,32,22,15,67,45,95,38,10,5,65,44,84,49,39,36,64,45,83,6,33,46,26,12,86,41,81,93,35,18,12
70,50,72,13,13,80,34,6,67,81,38,28,24,77,93,72,68,10,19,65,90,69,85,24,18,53,18,55,85,81,42,69,50,86,42,8,55,30,2,93,72,8,26,13,34,1,28,23,34,24,35,18,73,64,96,65,72,35,60,44,10,48,49,26,14,48,86,78,54,12,42,95,44,47,5,88,66,14,70,53,14,75,67,93,10,63,41,15,33,46,27,36,6,21,63,63,47,21,70,92
8,37,3,14,21,4,14,2,24,93,47,25,97,50,68,88,42,55,53,85,78,90,10,41,74,41,86,0,51,33,80,33,89,95,4,80,62,72,15,54,13,79,74,35,91,82,31,50,91,40,26,68,2,59,35,69,70,98,48,58,82,35,80,86,53,46,35,50,59,94,20,96,28,29,43,62,11,79,87,74,64,3,35,30,34,95,98,90,67,1,23,18,14,30,64,49,81,15,63,76
97,29,18,79,40,79,45,47,66,6,33,78,46,34,87,76,74,97,58,58,36,35,86,41,2,22,1,73,2,58,2,91,37,17,69,69,0,31,62,28,74,27,47,11,98,64,2,62,89,5,99,52,85,16,39,80,55,1,93,67,57,92,14,77,78,3,88,90,76,21,13,73,72,61,87,82,2,75,99,27,31,74,58,71,12,53,88,85,78,18,62,75,67,87,33,9,81,81,26,16
56,66,97,30,4,11,41,22,96,98,40,67,44,96,46,77,34,91,94,21,33,23,58,22,90,8,45,59,74,37,93,3,48,54,74,89,24,64,45,68,8,68,70,6,36,94,99,84,82,40,44,23,1,25,78,25,2,97,74,63,28,16,82,67,43,76,95,86,7,0,72,14,30,0,35,27,12,86,18,15,8,81,30,85,30,84,77,34,54,11,2,6,56,60,28,98,55,94,44,31
62,33,82,56,10,13,6,58,25,68,40,77,9,91,83,91,48,97,59,75,92,76,6,71,14,88,38,89,95,73,58,57,63,41,30,79,47,61,30,80,22,65,81,88,84,67,53,42,26,31,43,63,70,87,51,95,47,68,60,41,28,51,53,39,75,62,53,18,47,89,2,98,77,8,34,4,25,51,9,66,91,66,33,52,43,82,35,25,46,59,79,56,65,69,36,62,29,47,62,14
11,37,35,31,47,56,53,80,99,62,56,54,67,80,82,32,85,97,96,17,76,47,0,15,70,52,90,50,2,18,8,15,73,75,7,39,97,45,74,3,93,90,45,11,70,73,41,32,36,79,74,41,21,84,93,33,34,15,92,71,60,43,19,8,80,56,20,80,19,25,26,65,36,56,93,6,96,16,33,20,54,62,96,41,10,16,99,84,90,4,88,13,78,73,2,50,79,22,62,72
21,14,1,23,4,91,90,41,43,26,39,32,69,12,77,31,71,31,59,36,81,0,1,46,45,68,88,28,17,49,3,55,80,34,84,60,29,88,18,20,75,43,57,48,42,8,26,26,41,31,34,6,19,49,33,25,73,48,61,90,36,69,16,77,55,28,67,56,33,38,19,34,81,2,41,32,48,44,23,69,11,97,81,97,8,10,20,55,66,77,42,35,72,97,79,38,63,65,1,47
72,57,58,32,66,20,90,83,45,63,26,12,56,37,7,8,93,92,87,0,74,30,42,73,23,49,14,24,96,90,51,44,95,10,37,41,41,37,83,43,72,80,40,49,92,86,92,32,60,55,8,95,89,65,24,52,56,74,28,86,15,79,95,27,95,50,81,45,48,68,47,79,70,25,96,37,34,86,91,82,48,32,46,11,12,39,61,39,45,55,24,24,22,92,84,2,62,43,85,61
15,9,37,3,96,39,14,26,70,88,28,8,88,15,3,80,29,23,7,14,78,61,65,40,90,26,97,47,22,78,40,92,60,52,79,33,25,28,24,50,47,61,88,29,42,32,71,0,76,24,33,85,74,80,28,11,64,42,61,92,35,90,96,35,9,62,13,70,22,71,8,13,91,23,39,26,87,18,99,36,50,48,70,26,53,73,8,40,81,52,65,36,17,59,5,59,54,25,7,62
82,49,42,19,57,88,35,59,49,61,74,26,73,17,4,88,53,77,21,23,5,82,96,33,80,50,97,70,2,20,52,84,92,26,7,13,4,41,44,39,16,94,33,51,41,7,13,81,34,71,67,39,19,16,22,7,58,67,53,88,32,76,40,71,0,48,88,94,8,45,6,56,74,25,34,6,68,98,94,27,50,35,97,14,25,82,71,74,78,68,26,4,64,76,3,21,60,74,30,41
74,95,70,18,7,39,75,23,50,45,8,57,8,81,53,66,30,15,90,66,78,0,60,64,79,57,65,94,22,73,14,39,48,93,99,54,15,88,49,62,1,11,87,71,57,47,31,1,20,1,96,86,49,84,76,28,87,36,44,72,5,83,3,40,43,5,69,70,27,24,86,26,31,66,26,63,48,61,21,78,93,60,17,83,51,2,74,64,98,4,83,92,85,8,50,49,85,84,43,12
45,13,26,52,18,33,88,22,20,7,74,98,92,60,86,44,3,51,89,29,96,40,81,92,83,60,42,52,64,8,60,88,14,5,89,60,58,47,99,21,18,24,57,36,49,39,88,80,26,48,2,41,72,95,48,45,58,79,93,81,33,28,94,32,79,81,95,59,0,22,34,18,82,47,7,23,89,30,24,88,50,21,39,23,30,55,19,48,73,75,33,80,89,36,90,75,45,85,34,14
18,60,70,16,45,83,2,27,69,80,55,90,58,67,29,13,34,32,31,87,34,1,66,53,31,97,74,52,55,61,58,63,3,43,64,95,35,47,54,81,21,49,91,84,3,3,34,20,10,20,52,53,66,75,30,44,42,99,79,15,47,26,41,92,56,69,63,40,17,30,88,22,54,79,11,74,52,3,29,57,55,70,57,64,52,74,74,24,40,67,36,64,62,57,83,88,42,96,61,73
70,84,68,99,2,46,44,59,71,25,85,20,69,13,68,20,79,92,29,57,51,81,64,32,5,68,27,22,22,51,28,15,72,13,92,86,42,12,43,13,81,31,11,12,72,76,58,69,12,44,67,96,78,47,66,4,64,29,93,65,8,28,17,87,30,33,89,7,79,88,52,4,19,79,50,48,28,59,39,5,93,93,97,21,27,60,38,55,13,50,30,30,11,28,3,44,12,88,44,59
95,75,27,0,93,45,68,47,7,98,27,34,35,32,77,87,68,99,23,77,0,30,78,91,83,72,83,79,8,79,2,20,95,67,32,13,36,68,82,84,29,16,45,22,60,74,15,60,82,5,6,48,54,95,89,25,72,53,54,23,13,71,85,56,53,47,21,33,78,13,31,83,58,60,7,31,66,70,65,46,46,16,2,74,79,52,76,74,17,43,5,5,19,22,84,16,15,78,13,21
82,42,47,95,7,59,34,57,4,49,60,4,15,85,11,57,46,85,87,36,57,29,20,2,36,71,2,90,34,51,62,31,59,62,45,89,9,47,67,76,86,55,11,16,19,48,25,48,61,14,66,2,91,97,83,34,11,44,69,75,52,76,52,16,50,84,33,64,13,0,93,47,97,10,51,15,41,45,63,3,35,25,64,23,47,25,29,22,4,65,98,99,12,57,33,50,51,44,43,38
25,50,12,93,92,41,76,85,86,56,99,0,2,69,16,72,84,90,25,64,99,57,38,61,46,74,78,97,98,4,26,80,88,70,45,11,60,76,84,51,24,23,74,97,52,87,1,48,70,8,29,78,15,17,48,83,78,20,9,20,93,98,56,11,88,85,42,20,96,36,52,23,58,16,43,20,42,61,95,40,16,11,42,70,51,7,15,73,50,7,36,49,46,33,91,76,96,52,79,17
3,11,15,14,63,36,35,35,63,22,27,17,47,23,32,79,10,28,77,19,1,32,47,72,8,42,86,18,55,77,38,97,92,53,51,25,67,60,0,62,5,45,71,25,68,72,37,99,85,26,61,7,97,77,80,78,47,69,8,16,62,29,27,55,8,71,9,58,91,25,22,83,37,39,80,21,24,52,48,86,87,14,92,63,5,67,25,70,39,26,5,28,4,81,46,37,87,3,76,48
58,20,92,65,71,10,54,23,80,1,49,63,45,8,94,23,60,30,73,0,42,70,70,92,74,82,6,28,36,92,52,76,73,89,26,79,8,31,78,82,26,58,75,72,68,7,40,39,93,11,80,8,59,57,94,46,84,70,44,3,85,54,38,96,85,86,29,42,34,50,57,28,6,89,93,35,31,66,99,40,62,94,32,19,1,52,34,76,42,40,3,9,63,91,39,63,4,79,11,78
35,83,84,0,28,20,42,73,1,75,35,16,48,53,54,25,17,48,62,36,26,77,56,10,3,81,25,71,86,63,18,19,6,23,91,81,81,45,25,55,71,14,90,82,56,63,75,91,14,8,68,49,75,41,65,0,10,51,56,78,68,78,74,89,31,25,36,25,58,38,16,16,16,14,7,89,15,60,17,3,38,93,83,87,44,7,29,17,36,61,92,91,82,95,40,68,20,3,85,3
38,96,10,89,26,48,10,21,28,80,42,62,24,19,75,41,35,10,13,45,43,22,38,66,77,17,77,45,44,25,10,18,86,84,58,70,21,73,68,1,42,42,74,15,80,27,46,2,52,38,14,39,44,18,67,47,56,16,71,34,27,84,8,44,17,50,39,95,98,20,63,10,85,14,38,87,78,94,14,19,78,98,14,40,57,3,22,81,19,75,98,44,86,23,68,18,99,6,92,55
4,13,75,79,34,42,85,47,58,41,34,20,37,88,67,91,60,83,37,23,85,56,95,76,41,81,79,18,73,95,62,84,62,70,29,4,58,40,73,75,97,58,32,80,16,93,92,47,56,72,80,53,34,60,89,28,73,22,31,24,85,31,20,70,68,55,55,95,20,16,99,29,11,58,2,70,37,17,64,13,37,54,78,39,90,81,82,93,84,96,27,4,86,47,64,16,32,24,75,35
81,35,3,5,16,1,11,9,17,26,15,6,52,56,3,26,44,98,57,1,62,31,81,62,74,96,30,13,30,61,5,48,81,78,49,61,77,69,91,40,4,29,39,67,25,11,43,13,19,37,57,39,94,87,97,55,93,11,24,41,18,30,17,48,47,48,7,87,92,71,23,10,97,44,60,5,45,55,58,9,73,66,81,97,48,93,54,79,34,31,45,73,47,20,37,47,11,98,44,31
85,69,17,26,1,77,59,88,74,32,87,21,7,25,32,29,28,12,21,34,22,27,9,6,11,25,91,32,45,21,43,57,66,96,58,95,6,86,52,88,15,90,4,32,65,92,3,20,34,25,70,18,51,51,33,89,11,46,16,78,44,9,28,55,45,71,88,78,29,19,27,50,96,82,79,88,26,53,31,77,97,53,14,38,26,28,3,64,33,23,58,57,65,47,34,66,12,80,4,26
40,60,10,8,93,79,3,37,57,25,10,60,1,64,22,61,98,71,72,75,58,78,64,73,79,6,90,73,46,74,67,18,52,16,83,93,15,57,29,82,70,39,78,12,79,50,19,46,21,87,36,87,38,30,27,85,33,55,85,73,15,84,82,0,48,1,55,66,61,63,14,49,31,10,17,9,17,34,29,83,53,29,44,8,0,75,83,95,64,89,71,78,45,37,38,45,96,24,16,56
65,9,96,48,98,39,70,14,44,0,46,54,20,81,76,36,98,63,94,88,24,81,93,27,68,18,98,73,40,53,57,96,69,53,38,9,25,57,90,41,3,42,25,56,30,55,89,12,38,62,87,55,42,24,47,22,97,57,87,88,62,17,0,54,74,22,40,38,48,91,36,64,53,58,83,14,79,98,67,37,55,20,5,2,35,24,46,75,87,91,69,16,83,82,17,34,84,96,20,57
65,80,87,50,90,97,14,12,90,88,87,26,21,88,75,62,51,75,97,11,65,41,90,52,25,22,26,39,99,88,74,53,7,77,27,85,79,18,84,86,36,26,82,22,4,46,83,92,22,30,15,64,33,11,31,74,85,93,80,17,18,70,28,42,98,68,5,22,16,70,20,59,42,94,19,16,30,35,53,85,3,91,79,39,34,39,42,7,61,86,76,61,61,6,58,91,72,76,26,27
21,39,10,67,42,71,27,58,3,49,27,29,96,94,80,61,97,35,96,26,81,78,42,95,15,4,87,45,97,24,58,18,24,45,88,95,57,11,79,85,61,4,2,69,69,32,87,14,96,88,45,10,43,73,65,1,8,5,6,48,37,21,33,63,21,7,95,24,44,15,51,66,16,75,65,93,85,70,17,83,24,46,17,18,18,23,73,4,87,97,20,1,83,76,69,96,14,68,2,1
70,97,70,27,36,0,54,51,6,76,80,91,45,15,80,22,11,3,32,82,82,35,75,60,79,51,68,90,29,66,33,67,49,4,75,94,66,70,65,32,25,64,34,73,80,75,99,93,13,94,43,12,85,31,1,77,58,86,68,67,69,33,35,99,47,24,23,58,42,84,38,45,46,75,30,12,2,92,67,39,95,26,8,33,38,79,83,26,77,11,9,93,80,43,88,87,16,96,19,59
97,62,26,80,61,98,13,90,37,54,77,61,29,64,9,94,47,0,18,41,63,75,96,61,65,77,80,96,0,77,1,70,92,30,23,37,31,8,40,54,70,75,65,83,35,89,11,25,21,13,72,26,51,26,56,36,47,39,64,78,26,80,61,93,71,42,5,11,55,33,83,24,71,19,99,18,52,13,11,23,22,94,34,14,58,3,45,41,67,21,34,75,93,82,19,57,23,26,12,76
22,15,64,92,83,75,21,75,96,16,50,95,69,14,3,10,19,73,42,60,8,86,5,60,90,76,35,29,74,70,47,75,52,31,90,31,42,56,21,11,77,70,23,8,82,41,70,13,22,90,16,57,64,63,57,98,98,23,41,37,28,41,12,19,49,97,44,39,8,17,26,11,76,62,14,70,12,31,81,82,24,65,22,87,85,20,85,93,20,85,15,57,47,99,38,46,93,35,20,67
7,76,47,44,53,78,2,17,63,54,74,90,99,42,33,19,87,40,19,63,10,93,28,91,54,72,51,43,32,85,62,37,25,6,92,29,50,62,72,33,87,18,79,83,2,94,19,48,38,36,19,45,16,31,19,88,18,47,56,19,82,45,60,81,68,83,56,66,25,92,96,98,26,49,89,69,8,78,22,81,64,63,83,0,52,80,3,78,94,67,56,33,9,25,6,53,78,75,25,42
91,68,0,45,60,8,35,57,17,69,87,8,73,21,0,91,59,69,72,48,5,94,44,32,30,35,81,82,63,93,36,56,41,33,98,18,3,73,34,45,6,26,59,24,89,46,29,1,7,88,89,5,0,98,29,50,20,6,87,68,56,74,29,90,29,62,78,97,81,39,87,7,89,79,55,51,70,64,50,71,74,24,94,27,14,12,41,25,4,59,42,69,44,56,41,89,87,51,85,34
70,56,22,8,15,0,62,62,34,94,28,6,56,25,95,13,44,32,64,57,64,86,22,94,11,39,84,68,85,72,76,62,95,20,48,36,68,86,98,81,73,22,56,1,83,67,35,91,4,62,81,33,14,15,0,46,28,2,32,50,80,89,28,89,8,16,26,15,35,9,93,37,97,82,20,91,9,98,67,41,98,19,71,63,79,40,30,1,71,55,87,26,68,7,45,44,83,33,49,4
1,82,14,36,9,95,53,46,75,29,58,90,88,87,38,1,86,97,49,85,18,80,89,86,77,3,95,27,61,48,99,72,72,79,97,71,94,44,91,62,3,85,10,1,71,68,29,15,65,28,4,58,97,75,91,52,6,84,87,62,89,10,3,79,28,46,46,60,25,30,31,66,31,62,47,38,31,33,9,78,56,34,93,76,37,55,13,53,98,27,20,58,8,68,46,40,17,60,48,13
32,36,28,17,67,73,62,89,3,92,80,57,68,15,90,64,5,10,46,79,45,71,48,95,36,86,57,84,88,35,95,48,47,42,33,13,30,26,92,38,13,52,32,57,32,68,49,70,22,66,7,60,63,64,67,29,42,53,19,38,41,60,89,55,80,55,19,29,65,40,82,76,84,68,33,25,64,80,22,69,7,86,67,60,36,44,63,36,40,64,52,37,25,61,4,26,79,58,53,31
61,42,19,17,75,0,13,14,53,55,91,78,23,55,9,15,26,63,96,62,94,35,6,50,29,56,61,77,19,71,52,2,49,81,44,28,39,91,35,2,36,98,99,86,64,6,29,10,33,32,37,87,68,67,85,16,33,37,67,31,13,16,97,4,20,30,65,37,12,30,45,76,77,81,86,87,32,85,63,57,6,43,62,23,73,2,32,20,45,87,39,92,77,97,6,80,14,98,40,12
29,6,60,41,85,57,82,60,83,6,36,39,24,21,68,72,86,23,23,21,3,26,58,90,4,84,56,38,58,24,68,88,97,17,26,92,15,48,1,76,33,55,95,85,87,89,55,87,62,63,79,63,37,48,48,10,44,16,27,74,51,46,53,98,69,57,21,12,85,3,41,53,9,39,26,98,39,94,43,50,12,4,10,61,65,73,40,23,51,55,87,51,76,74,44,88,3,64,99,83
80,13,56,47,70,18,40,48,66,85,71,78,31,34,82,42,58,41,94,79,69,63,8,16,24,25,64,26,14,43,29,80,50,67,49,88,92,9,65,0,98,57,97,65,67,65,66,39,87,58,76,2,96,15,40,39,39,28,41,99,49,87,53,52,49,23,26,95,8,26,61,97,26,27,45,47,88,38,9,58,24,81,16,6,14,2,84,97,65,48,98,5,29,26,83,88,5,27,32,98
48,26,31,31,95,67,15,69,71,77,25,74,52,43,90,7,62,16,51,31,83,63,68,47,89,0,81,83,34,13,65,87,43,83,80,40,62,27,76,51,20,89,15,80,68,73,2,13,15,51,91,36,5,43,52,80,93,88,0,79,15,60,95,47,35,91,93,12,61,5,91,34,2,88,30,71,43,2,21,36,74,66,15,81,63,62,0,39,29,71,2,32,61,26,25,62,83,64,30,17
51,42,62,64,79,16,54,68,79,52,68,63,30,10,25,60,64,70,59,83,51,81,9,95,15,15,23,54,14,87,41,77,91,7,90,66,99,9,94,96,98,21,81,67,86,45,75,53,57,1,47,89,98,59,45,33,14,1,51,51,39,52,93,87,95,14,45,15,0,22,18,40,66,54,63,37,25,73,79,32,26,19,29,62,58,18,97,31,32,60,99,84,7,57,19,10,70,57,24,76
64,74,34,29,53,85,27,40,30,88,93,18,55,51,43,74,42,56,43,32,25,74,9,56,65,42,29,20,89,80,78,31,2,14,65,2,71,58,12,52,76,77,69,86,96,17,90,78,78,79,19,81,75,21,58,90,49,33,71,7,16,11,79,58,73,27,36,9,66,70,80,12,96,90,31,84,8,84,74,28,19,1,97,3,47,16,36,26,21,15,14,0,19,61,79,10,41,73,37,6
31,26,46,87,53,74,56,28,17,3,91,56,68,81,82,27,12,86,67,26,0,57,74,58,62,18,49,72,91,71,60,78,88,90,33,28,94,23,23,69,25,61,43,40,79,92,32,15,7,81,0,58,33,13,33,6,27,66,87,18,21,22,44,90,34,88,44,85,93,46,56,48,44,50,38,34,7,65,33,38,75,88,79,46,20,43,12,99,80,92,32,97,47,55,45,38,35,99,16,33
90,45,72,80,96,49,13,76,62,91,66,40,47,25,49,70,46,53,21,90,47,11,87,50,68,93,74,92,50,67,14,29,8,18,80,42,46,5,96,80,6,39,68,89,66,88,22,13,4,34,91,45,62,88,36,47,29,29,96,62,33,40,89,73,34,79,17,75,96,18,26,75,8,5,62,42,30,12,38,36,48,30,78,30,18,1,17,63,8,78,90,91,70,34,25,91,75,93,46,33
13,86,78,40,36,8,70,41,86,56,35,62,5,16,82,23,64,60,97,86,76,83,1,53,18,39,77,65,99,18,64,0,97,38,78,21,95,19,68,92,30,75,80,0,96,14,58,72,60,18,74,33,94,38,63,99,73,19,41,94,59,59,2,86,31,72,29,88,80,91,2,69,37,27,46,56,27,87,5,62,34,20,55,67,32,51,68,16,50,73,92,46,68,43,15,63,59,67,42,77
29,91,71,78,47,95,16,58,45,73,33,1,93,38,51,1,39,90,54,22,47,73,51,35,90,57,79,63,17,67,62,27,69,47,87,65,75,79,81,20,30,9,51,50,79,61,11,38,90,95,9,86,90,87,23,23,80,42,13,52,20,23,5,56,45,8,86,32,94,15,72,2,25,18,92,27,56,81,26,77,96,82,54,30,90,53,50,54,20,98,84,4,82,99,86,75,12,71,22,9
57,48,81,77,15,25,45,71,23,93,45,43,32,86,9,21,77,63,92,51,70,64,14,5,75,10,91,64,4,38,59,25,1,12,55,33,73,81,44,48,57,11,97,23,64,2,1,68,11,93,48,87,10,84,91,32,96,72,54,97,72,32,75,49,77,95,97,25,16,26,98,34,93,6,31,84,12,6,54,9,34,69,71,93,9,70,73,55,41,36,56,26,91,93,34,76,82,19,94,59
17,36,16,36,36,48,63,55,67,50,26,31,75,28,58,58,49,53,56,4,60,90,77,80,21,46,51,1,72,81,68,84,99,24,65,52,65,10,10,51,14,64,89,24,53,19,9,93,14,50,15,81,14,30,26,97,70,88,13,59,80,90,32,20,17,96,92,19,61,18,30,27,30,29,88,46,97,76,89,72,2,18,71,33,2,13,64,25,0,1,91,37,67,80,35,83,48,75,70,19
91,28,11,68,66,1,23,39,55,72,98,53,4,20,86,38,51,80,55,80,1,13,50,62,87,73,22,1,2,88,23,57,90,68,8,97,18,24,5,47,41,65,95,19,10,72,18,32,86,0,73,15,45,14,31,97,84,0,37,56,64,24,78,98,74,44,76,14,85,38,12,72,3,48,21,12,28,93,81,91,29,57,68,30,17,47,5,45,3,51,57,6,28,17,7,17,33,12,24,14
48,86,27,66,22,84,14,1,34,33,49,2,49,96,69,28,65,64,98,95,61,92,49,88,1,49,0,48,57,29,81,78,95,87,90,81,95,48,80,74,46,54,53,2,52,15,47,43,7,67,65,28,14,94,20,30,37,62,24,79,34,17,98,81,9,71,51,65,12,90,87,56,17,78,15,85,19,70,55,84,34,99,0,12,18,5,30,76,82,99,88,75,37,44,96,87,9,5,29,55
90,63,24,94,0,88,85,32,29,69,79,16,12,49,74,48,17,65,86,66,87,67,69,94,82,32,92,9,97,33,42,7,42,28,54,27,95,90,41,95,21,4,25,51,44,34,38,7,87,89,77,34,62,77,67,49,46,18,51,20,36,25,40,52,90,25,88,7,64,81,35,95,24,83,10,19,30,53,34,46,46,12,82,97,73,88,47,51,11,22,5,61,57,27,38,31,41,3,19,23
57,63,73,69,22,91,9,63,69,80,21,44,19,73,84,68,4,25,8,38,32,37,31,81,19,90,86,90,35,26,50,51,51,83,95,16,54,57,90,90,2,28,76,20,4,30,26,83,43,24,8,43,20,38,0,30,96,27,38,53,70,51,3,57,96,76,37,79,70,1,60,71,89,60,32,50,19,20,25,28,30,11,88,44,13,70,26,42,91,31,4,34,88,41,39,81,40,82,43,57
90,27,90,16,26,45,47,57,39,6,36,12,2,50,15,72,81,3,25,98,60,24,63,36,16,46,75,33,34,90,80,57,87,76,56,19,92,11,63,60,25,1,73,54,7,57,98,21,44,65,66,94,6,99,28,38,65,11,89,57,5,27,81,42,92,35,23,38,94,60,59,99,52,98,57,27,2,32,82,52,55,97,73,36,28,48,79,92,81,31,72,68,98,23,45,62,79,86,25,28
61,5,76,67,76,48,87,26,61,79,65,16,27,91,49,15,55,30,15,0,54,14,78,46,16,57,3,83,79,5,4,88,43,86,57,45,21,62,15,21,33,12,8,22,91,36,89,23,19,68,90,1,10,21,30,38,40,90,24,23,36,89,86,86,7,77,85,83,7,62,47,32,53,2,65,40,16,12,66,96,28,58,10,8,83,88,86,38,11,58,31,67,42,61,86,6,4,40,8,14
46,65,88,64,59,55,99,76,45,40,65,45,58,42,72,21,99,76,93,9,0,51,6,92,45,89,18,27,88,62,63,73,91,69,79,10,52,99,42,30,91,4,89,19,62,60,50,17,76,71,89,20,32,95,73,48,2,30,62,54,83,93,17,51,52,72,10,85,13,50,61,83,4,67,90,19,76,98,64,29,13,65,63,98,71,54,80,16,42,79,69,4,63,78,78,93,59,20,21,68
71,40,95,83,97,27,74,11,36,84,66,25,54,31,10,40,54,5,65,80,34,66,78,99,69,53,0,12,60,63,50,42,90,85,60,98,15,85,20,92,28,96,54,18,27,42,4,86,71,53,22,88,40,49,52,13,75,26,51,94,71,98,94,1,36,6,39,43,25,38,39,13,83,38,12,19,96,63,54,11,92,4,97,51,88,24,90,15,9,50,46,0,10,58,12,27,51,30,71,45
49,28,22,90,42,85,84,72,47,93,79,73,54,80,4,72,59,16,15,22,36,52,86,16,28,60,23,98,38,16,25,82,18,76,24,74,56,32,7,79,8,4,95,49,40,61,51,37,28,60,4,13,13,95,15,87,91,89,82,39,93,91,85,94,3,26,8,44,93,41,69,62,85,91,48,55,6,78,59,19,20,64,55,67,64,3,37,4,23,29,10,45,3,61,41,33,48,65,86,55
98,60,95,42,4,91,74,29,34,63,72,99,65,23,52,94,32,73,40,98,56,23,23,90,36,87,26,18,92,46,73,29,83,82,51,46,46,88,74,51,32,32,98,51,24,77,23,3,34,58,93,4,36,45,90,26,43,75,85,27,5,95,40,60,24,46,8,17,77,68,72,22,15,69,31,41,80,28,82,50,25,45,4,96,83,63,28,24,86,55,17,49,36,91,22,90,7,34,42,27
18,17,74,50,27,36,89,24,70,38,51,45,19,44,55,7,93,52,49,68,51,2,32,45,25,81,99,96,96,45,71,31,69,21,46,73,1,12,2,17,30,3,27,69,25,30,43,56,35,28,66,14,16,93,53,67,90,10,23,82,79,21,34,32,68,16,20,83,60,32,29,82,96,60,96,59,40,97,15,1,27,93,92,10,98,81,55,68,70,2,28,71,77,81,20,4,42,83,16,83
16,68,68,1,36,19,27,95,4,66,64,11,6,96,52,80,36,69,60,9,40,91,27,86,67,69,59,45,17,16,22,62,52,89,40,77,11,29,36,2,85,42,61,65,98,72,3,39,88,65,1,96,41,74,36,76,7,33,32,66,57,21,50,75,83,28,7,73,99,35,19,57,66,33,74,84,18,6,57,26,28,16,82,94,57,9,50,98,28,6,99,9,64,51,72,30,97,38,10,65
35,95,57,20,93,1,73,43,56,64,55,33,4,41,91,50,90,57,41,73,52,1,30,30,84,52,25,13,13,27,43,71,83,77,96,86,45,19,73,60,53,18,75,37,50,20,32,45,34,23,10,91,99,18,41,39,5,79,28,86,65,45,28,89,5,96,42,77,97,9,67,3,37,0,70,16,54,43,43,69,17,87,18,5,35,52,52,79,47,26,29,30,85,30,73,85,29,99,12,58
23,1,16,66,22,8,64,65,6,6,74,17,67,63,38,18,79,27,58,49,88,0,19,95,55,1,32,13,94,60,6,40,7,19,38,50,62,8,38,7,38,57,6,24,78,70,72,96,96,97,3,61,4,39,14,18,32,39,0,49,88,12,81,58,77,46,65,57,75,89,58,4,76,57,99,92,82,82,78,94,79,84,19,15,13,33,77,32,0,27,90,86,75,21,17,12,75,28,34,45
86,78,87,15,18,31,62,43,8,28,66,91,61,98,90,98,18,92,34,87,93,24,25,48,48,25,18,28,20,4,51,24,60,97,27,81,80,86,66,39,66,42,54,18,98,1,9,53,77,83,87,23,0,69,19,73,64,55,29,58,16,33,3,30,43,26,51,41,8,57,26,49,60,53,0,52,33,84,71,5,53,12,61,56,19,57,89,67,68,85,75,15,30,22,47,24,76,31,94,30
47,22,14,3,45,99,80,8,25,62,86,5,23,87,77,94,60,25,41,4,45,84,92,30,31,75,64,58,71,75,34,74,95,2,40,23,26,1,83,32,54,74,24,43,68,85,65,19,11,44,83,79,38,12,31,15,20,10,84,17,16,32,96,18,77,28,66,29,70,2,22,83,41,16,1,9,68,47,52,62,35,42,19,21,90,89,39,50,87,14,19,66,87,38,19,47,31,62,82,23
65,91,89,14,55,1,18,86,55,34,26,63,56,89,47,8,81,79,61,20,46,81,89,22,84,70,47,71,2,79,95,79,74,52,13,2,71,77,21,55,49,61,28,10,45,34,54,44,73,25,0,31,94,30,58,49,66,65,31,8,90,55,6,92,93,44,0,11,38,83,76,67,57,8,33,39,30,41,63,95,27,11,62,71,56,4,43,36,76,57,41,43,55,21,95,22,19,7,85,40
30,98,99,81,1,46,80,58,33,16,96,89,48,26,40,94,51,15,84,26,74,53,51,80,85,13,95,78,55,59,24,54,26,71,15,83,43,62,4,22,24,18,82,1,25,13,91,59,88,23,77,35,8,49,12,43,80,99,52,71,93,7,19,55,90,81,61,86,11,53,94,10,74,98,16,14,35,39,16,40,81,22,71,38,38,5,4,41,86,46,45,44,98,3,12,44,41,46,98,98
14,17,26,83,53,0,4,77,76,9,80,8,29,75,7,40,29,97,23,78,62,68,69,83,31,32,59,39,27,7,10,95,51,40,33,86,98,85,49,97,55,2,10,15,6,42,27,10,46,76,96,89,89,56,11,73,70,38,53,77,12,40,23,97,87,81,74,18,96,0,75,16,41,94,57,25,82,29,66,27,88,18,78,4,12,76,1,75,64,26,67,14,78,82,20,76,84,95,98,58
22,74,72,8,37,9,63,19,10,83,22,51,83,10,99,41,33,97,86,31,22,96,3,50,42,22,72,87,81,30,53,37,26,50,84,4,48,8,99,50,83,23,62,78,26,71,31,0,20,32,5,64,92,42,54,63,2,42,82,72,28,51,39,28,2,41,16,14,50,83,32,88,62,38,74,95,24,99,14,10,80,60,89,76,54,60,11,3,5,32,65,48,79,83,28,74,75,91,83,27
38,12,29,95,29,79,52,62,6,14,90,86,91,68,54,24,34,58,24,4,32,50,70,99,24,36,96,57,65,62,66,0,14,66,1,26,61,59,93,71,60,54,3,35,3,53,22,31,61,72,42,36,28,12,91,60,90,22,0,99,89,9,95,96,4,36,81,82,27,92,14,70,97,51,95,61,13,88,74,22,10,54,50,78,32,36,41,92,24,39,48,9,21,18,49,78,93,61,76,81
87,83,25,14,19,89,62,85,19,86,35,81,89,42,4,84,26,84,48,90,37,10,13,37,13,10,60,28,28,39,77,12,75,71,39,43,49,62,58,48,62,73,54,36,69,92,36,93,80,92,61,39,67,19,93,0,98,14,58,24,79,83,51,91,83,23,41,38,85,97,78,88,77,9,58,3,32,4,9,18,12,39,23,69,54,17,31,0,64,4,79,1,27,11,91,89,60,64,17,59
95,78,50,3,53,50,77,41,13,42,41,16,59,51,56,52,9,24,52,19,29,40,9,75,14,96,12,76,73,84,55,19,54,86,75,32,75,1,39,68,95,12,64,81,16,44,99,27,14,9,29,42,15,11,8,75,73,21,30,24,3,56,73,82,32,28,48,77,84,1,78,3,92,47,9,75,26,83,39,26,38,50,59,93,44,91,2,44,8,25,11,48,10,87,59,30,20,70,96,50
33,85,4,9,52,55,69,66,52,99,96,44,51,54,85,60,37,0,75,12,0,1,24,12,99,26,69,51,36,64,24,52,14,43,78,11,83,71,72,12,70,50,40,24,40,71,19,93,76,99,95,66,52,5,63,51,98,26,42,56,14,33,78,72,96,68,68,62,16,84,88,7,84,34,4,78,63,69,56,83,89,0,32,75,89,58,20,99,47,49,69,87,60,34,27,33,94,43,38,62
23,36,64,85,19,36,61,73,50,41,70,3,48,48,35,57,26,35,17,78,61,80,42,30,24,39,97,63,44,72,48,30,15,28,30,46,6,81,53,90,85,93,87,43,7,98,81,39,80,95,73,53,69,15,84,53,58,19,99,18,44,99,57,59,38,30,99,4,85,56,71,98,53,61,81,14,16,11,56,35,74,56,76,21,10,19,43,59,48,53,69,65,3,5,10,60,4,71,83,82
79,7,90,15,26,80,99,31,7,56,37,66,55,74,93,3,89,52,9,35,97,85,73,1,82,41,75,78,5,72,25,31,62,78,71,23,35,60,95,23,30,54,70,12,38,68,52,38,70,14,31,90,31,28,10,81,97,42,4,83,61,63,92,22,98,89,37,21,36,52,0,39,27,99,14,16,60,72,69,68,73,37,25,18,44,56,78,2,46,85,69,24,31,12,18,77,9,19,9,43
