191077960,151913726,235534101,229006251,169649514,124235205,204966065,229030467,236399513,260049987
294397570,265318028,255254992,288584722,244061844,222955742,345488754,348672566,295837652,387596017
233385597,229221918,248952932,283183619,152988251,155707242,209405915,196269177,232161044,302159824
208644777,221841541,196613853,226925336,145358829,135628043,184487192,195875130,189950340,292781087
252974694,250463250,245725422,271006622,183855737,206214581,265470308,208015822,230223525,318590485
281605675,236933444,275928540,325321848,185621852,202113847,234100587,235154054,239499113,341326985
367005628,362206045,313572809,395109691,204629192,260646401,331393412,303410927,281395293,414076603
188770471,147281946,215496107,253990338,110286178,107958998,147350421,160660193,157844215,225772902
294795510,256328767,253158679,307573670,155584768,169092796,234018442,249964993,219134723,294471071
237389273,226778951,211360287,271851453,124559653,112964028,218102400,248399290,234014463,266603946
