195156255,195472088,236846201,121337444,203317376,269840228,148345612,260162895,312864048,203925308
262625299,294583394,355704329,239652119,320853112,355208720,262905452,420839466,399391169,288812597
259172440,215823490,256608441,184901341,252442833,275526315,218618332,328110556,280428231,247147713
184306885,178669360,212344939,131877670,167889963,230334652,162778437,258494396,279415020,192469069
261794801,156121076,235478413,171945611,235308727,291669025,164318107,259044838,257664548,168500275
243542684,194552670,255890689,170955223,262291660,319552831,209232237,362219362,269243261,215822524
241892421,168765359,212670624,162754552,165156862,262291769,168233527,255788363,277131118,196087241
252944982,200595309,242499534,169938657,221006703,286978833,196403123,305248715,339527693,234828622
276926542,204957782,272888757,198782868,216206991,310383259,180343759,302272143,371245411,246732338
266176798,148434762,218250005,164624718,219811550,200340905,181110120,200063411,232216605,188779169
