40,61,13,92,5,4,51,21,3,9,18,64,38,19,36,21,51,72,7,37,91,81,85,67,22,90,59,24,4,44,77,14,46,98,73,5,12,56,53,47,8,70,73,15,99,61,50,20,6,26,17,72,22,0,93,48,12,8,46,89,62,22,0,68,75,11,14,20,95,26,67,44,57,14,19,90,11,57,64,74,35,68,52,92,56,20,29,34,40,20,2,19,7,96,30,91,34,26,59,81
78,88,45,83,50,81,23,16,79,48,62,70,63,91,99,13,16,54,68,86,80,98,9,68,68,28,81,39,99,0,89,93,92,24,41,41,10,1,23,46,60,13,76,98,9,61,93,40,30,80,43,50,59,0,46,38,98,16,55,33,53,39,95,91,46,86,89,62,17,37,73,73,90,41,61,63,31,75,56,2,41,4,16,89,38,90,29,49,26,99,37,53,98,98,54,30,5,95,99,87
76,14,3,65,44,8,78,56,95,41,27,56,65,26,65,62,37,4,66,78,24,45,34,31,58,67,87,79,72,96,51,9,37,92,59,59,25,89,41,99,8,32,97,74,60,17,1,79,35,38,64,40,55,47,30,98,25,13,27,59,72,50,3,28,90,75,53,75,12,32,55,63,69,90,34,73,1,62,23,89,59,32,1,4,80,46,57,66,34,31,28,20,65,6,78,34,67,45,72,12
1,12,12,99,78,34,50,58,25,23,52,99,16,46,40,64,5,18,98,47,48,47,59,97,37,54,53,37,72,55,36,94,95,89,65,59,58,53,41,62,91,69,99,97,98,94,51,51,24,38,76,22,71,40,21,0,7,96,98,31,94,46,77,95,60,99,60,3,74,59,20,84,78,71,71,24,5,17,58,21,25,13,43,98,70,76,8,40,77,16,90,41,14,91,45,46,15,0,64,20
97,54,17,33,65,25,27,64,23,94,83,51,15,19,30,99,56,28,99,78,37,81,34,13,89,56,76,48,85,58,18,93,4,97,69,61,28,29,84,40,73,19,52,70,92,14,21,26,98,18,61,89,23,24,61,8,30,21,48,40,20,10,2,15,25,81,66,56,67,63,22,42,25,68,38,60,14,50,20,65,22,49,51,64,65,92,32,28,23,51,81,87,74,32,34,73,63,37,92,6
34,90,45,1,59,98,75,58,83,31,17,41,25,83,79,12,69,49,80,25,26,27,24,93,88,73,21,88,85,95,13,40,24,72,99,31,72,44,59,33,31,23,88,4,81,10,85,75,56,62,11,46,27,37,2,28,19,57,23,62,12,60,44,63,92,19,42,41,97,32,93,95,67,28,99,93,40,3,39,82,98,56,8,41,16,48,75,4,33,13,66,73,35,4,83,34,55,36,33,88
60,13,13,38,4,45,62,90,41,52,22,19,16,48,47,66,22,4,55,66,94,49,32,54,44,96,69,21,31,13,97,34,35,25,11,85,20,34,20,78,85,84,46,10,50,41,15,89,26,11,83,2,89,9,63,83,26,4,85,26,86,87,97,18,53,98,43,60,12,41,65,74,83,57,35,92,34,89,98,70,4,68,89,82,75,45,5,42,9,57,17,18,59,54,6,12,25,18,7,53
26,97,77,0,46,96,43,20,99,74,90,98,47,11,4,79,72,98,62,82,14,31,57,5,89,20,65,81,4,53,41,39,11,47,77,16,95,4,11,53,35,43,95,81,14,6,71,26,84,51,43,94,35,37,82,30,90,50,3,19,2,32,78,87,26,78,90,72,85,37,62,22,34,6,1,62,49,53,86,64,24,76,62,58,80,89,57,3,67,37,22,33,25,63,12,16,79,88,38,26
45,64,88,56,91,99,64,85,30,35,99,61,83,41,26,74,37,7,12,98,12,36,30,67,59,19,93,18,14,50,88,33,38,50,27,94,60,67,76,88,20,69,5,71,23,21,25,7,82,89,53,47,86,65,66,30,18,65,41,19,67,20,21,41,47,0,80,14,63,22,28,35,62,28,96,56,70,99,49,97,87,90,99,87,13,36,63,15,85,33,54,10,1,42,23,15,14,31,63,0
52,83,31,58,62,33,95,6,61,39,72,77,22,91,44,92,37,49,45,62,61,35,72,32,24,88,39,38,37,31,22,85,20,54,41,44,91,4,73,95,59,47,44,5,97,23,83,25,65,16,21,90,77,67,43,74,68,12,23,2,29,7,42,92,71,8,23,36,1,42,96,85,66,33,6,41,7,56,71,27,72,58,47,61,18,66,24,43,12,23,89,40,79,6,26,18,67,13,49,82
34,98,95,22,4,29,27,58,32,9,79,85,89,49,23,23,61,7,30,25,20,14,6,84,77,19,49,84,29,10,58,41,37,38,11,95,50,13,69,97,28,36,16,26,71,27,7,66,57,5,17,87,78,14,18,98,6,73,41,50,57,86,5,4,88,16,39,38,49,52,96,82,44,79,44,76,25,27,72,3,2,60,63,91,2,29,18,36,80,45,83,56,85,87,27,62,78,20,23,69
48,69,20,78,79,67,2,61,39,37,92,16,93,31,69,95,34,36,33,45,55,17,95,23,62,53,28,29,70,20,24,91,62,70,18,32,34,31,70,36,34,91,85,31,48,13,44,49,36,84,48,7,39,77,3,49,87,31,59,97,34,62,84,37,54,52,10,87,82,41,16,95,53,88,32,77,24,55,98,59,23,95,59,7,92,45,23,68,51,88,4,23,54,70,39,70,17,53,72,45
78,95,25,43,54,47,22,43,9,3,74,79,31,90,25,21,67,84,60,44,89,73,50,37,86,47,68,11,74,4,3,42,88,18,26,2,98,24,77,24,82,82,85,86,17,61,17,18,35,14,56,72,86,66,1,77,28,67,93,70,65,62,53,12,64,64,15,69,86,81,56,46,10,90,59,22,56,49,67,8,34,22,27,39,6,58,94,9,0,15,75,17,69,29,94,70,0,90,50,22
68,94,46,89,55,37,33,25,49,3,30,85,24,22,35,94,21,74,85,50,73,97,1,85,59,41,30,62,68,86,6,19,98,99,12,15,17,59,46,69,67,12,36,3,13,34,76,26,61,5,53,74,13,68,57,78,93,72,79,17,29,96,45,39,66,76,12,86,42,32,7,18,26,20,63,73,68,34,25,99,68,85,42,87,88,70,31,4,59,31,29,55,13,74,58,37,58,12,66,64
14,98,31,72,54,59,3,10,34,81,84,86,96,27,84,98,90,61,44,37,61,85,73,71,22,82,23,7,22,2,29,42,11,30,42,45,23,31,57,18,97,64,34,68,79,19,56,87,80,25,26,4,75,1,68,37,71,52,98,23,26,2,42,36,6,40,48,36,1,23,17,50,10,60,76,57,24,1,61,2,60,3,76,80,2,81,0,0,27,65,36,83,98,69,98,14,3,75,34,19
37,99,4,67,49,96,99,14,3,59,38,93,79,4,24,39,11,39,45,20,81,31,64,24,69,71,32,9,74,66,94,48,55,5,8,71,66,36,4,28,99,4,23,29,98,87,14,42,13,62,76,40,59,33,10,85,86,68,26,54,93,6,16,59,40,85,25,91,50,23,54,90,37,81,49,15,88,97,84,83,73,96,23,59,69,53,98,64,88,10,69,25,20,3,69,26,4,7,3,62
14,17,17,79,53,8,0,33,0,99,62,60,39,41,82,22,15,64,54,59,70,94,75,32,71,62,11,61,74,30,32,96,82,85,88,75,56,97,89,71,51,61,72,2,21,99,51,77,5,72,20,42,71,81,28,17,93,5,27,12,14,58,46,57,70,70,36,4,91,47,20,90,67,4,35,73,64,66,15,44,11,31,91,46,60,36,19,57,18,71,6,82,52,70,82,34,0,50,5,44
31,62,85,66,61,82,18,36,91,70,97,16,39,89,11,65,49,47,13,93,25,68,93,42,78,18,58,82,21,7,13,17,18,57,72,59,28,62,2,66,59,10,56,16,86,36,93,15,41,29,66,22,36,80,94,2,73,48,2,53,60,23,53,85,10,84,26,42,58,66,43,35,38,74,19,29,82,16,69,93,62,61,57,54,52,77,12,35,45,79,2,85,53,5,12,33,58,61,23,24
11,54,56,91,17,10,83,35,29,82,43,64,51,2,92,55,43,36,42,20,47,91,98,54,62,73,26,84,9,46,63,60,29,51,2,57,86,5,13,95,58,7,71,49,18,33,74,89,52,79,46,82,68,4,27,50,88,32,43,93,54,88,13,2,39,49,10,86,71,58,82,5,97,79,9,65,20,68,12,88,93,79,71,54,41,2,32,73,2,26,29,17,64,37,80,56,74,39,81,11
54,64,59,5,22,8,67,68,63,15,25,59,96,80,98,2,22,28,56,31,23,66,24,3,96,36,87,34,1,92,40,58,63,59,53,53,55,23,55,14,96,83,93,42,40,9,13,4,50,37,19,57,44,75,60,17,28,0,77,56,44,58,57,97,9,75,28,1,18,72,35,92,10,27,67,59,21,81,0,47,73,39,51,55,41,59,25,98,29,34,37,81,70,11,99,74,17,73,9,52
58,75,67,59,35,56,2,33,26,20,49,27,22,39,13,95,48,38,71,22,55,82,31,41,31,64,52,48,34,59,12,38,87,40,82,88,81,25,81,38,41,59,5,34,98,65,82,49,64,0,18,64,68,19,58,64,88,47,16,22,49,84,7,91,2,25,8,55,57,11,39,44,29,62,98,74,13,9,55,14,45,99,54,0,4,47,18,26,68,78,32,78,10,45,57,66,78,25,31,94
12,62,35,28,2,32,90,38,60,2,94,40,8,37,11,69,17,95,17,9,91,2,90,82,62,8,81,61,56,78,17,95,0,14,77,4,36,78,87,33,46,54,9,52,22,16,64,15,6,58,57,24,97,35,53,51,73,96,67,80,33,63,84,99,10,21,35,99,88,91,67,93,25,96,73,91,53,82,12,86,73,98,25,35,4,80,59,30,49,78,15,66,94,13,90,79,88,35,38,43
41,18,10,31,1,56,74,5,85,31,52,39,74,0,66,89,25,57,22,20,47,99,49,53,84,86,9,97,40,6,57,88,28,5,70,67,76,58,12,74,14,84,77,92,71,26,81,88,59,2,40,36,99,33,98,58,59,76,19,52,94,87,44,57,80,93,51,50,39,97,45,76,4,62,83,38,19,56,94,96,88,0,9,53,2,1,31,31,16,72,46,28,84,74,99,68,63,30,37,55
38,73,77,49,49,90,48,52,58,21,16,59,90,61,21,53,59,94,5,84,33,90,80,11,50,73,22,75,91,47,70,19,27,69,62,31,66,24,7,23,11,53,82,49,0,17,81,44,29,61,30,1,57,42,36,16,84,2,42,88,25,35,61,61,5,78,0,56,68,39,48,25,49,72,19,90,83,57,34,11,25,15,65,42,16,35,62,32,46,17,15,89,28,25,63,87,22,62,22,59
63,90,79,43,15,13,68,53,73,81,97,11,11,16,37,94,27,42,46,96,55,29,22,53,8,83,72,59,29,83,46,1,84,4,61,63,81,47,44,90,88,58,92,51,90,20,80,7,86,13,61,26,27,7,44,92,10,44,53,93,22,69,76,80,82,23,41,74,96,69,48,44,27,76,18,90,95,83,71,43,12,57,24,7,43,12,21,14,38,56,50,44,80,89,31,72,13,59,81,73
15,94,27,96,23,22,32,54,97,91,41,8,4,87,12,78,44,6,89,12,82,42,89,57,61,71,67,22,97,49,27,1,49,65,21,44,9,67,27,81,73,79,99,65,4,56,45,99,7,16,69,71,63,33,82,99,51,80,38,97,88,82,76,36,99,54,93,8,67,78,95,55,73,79,56,4,76,78,16,15,91,82,57,3,74,60,44,72,96,84,92,68,10,80,74,61,19,84,96,25
2,11,12,15,70,18,20,15,61,40,39,84,56,23,9,60,7,90,30,50,86,96,57,3,50,22,31,10,47,95,66,88,1,1,44,25,48,34,53,82,2,98,55,1,29,57,4,8,4,17,85,90,64,73,46,92,8,20,76,70,55,6,35,24,82,36,75,1,30,80,50,68,71,10,71,1,78,25,13,10,45,7,73,84,37,1,59,46,80,15,98,17,56,14,87,43,68,2,1,52
86,3,78,26,84,19,87,72,59,76,41,19,36,79,89,23,53,82,17,4,53,97,30,42,75,32,76,52,10,28,49,5,40,21,54,93,1,39,81,46,4,33,85,30,77,12,28,73,76,33,88,32,35,14,60,32,10,82,94,47,40,70,45,66,40,31,63,6,21,38,56,25,54,63,86,28,24,78,52,7,60,95,36,26,38,79,97,6,1,67,51,16,37,34,77,62,55,53,10,94
53,19,62,75,8,19,91,32,30,11,41,6,45,74,25,42,71,77,36,17,54,22,23,55,85,82,37,90,99,78,20,50,14,42,81,60,4,56,41,20,63,76,98,15,82,89,72,52,38,55,72,80,37,12,32,54,79,82,89,83,36,47,70,33,69,88,44,87,39,53,37,47,92,67,91,72,51,47,56,14,41,54,22,17,60,13,46,48,49,80,31,84,65,49,92,58,66,38,16,39
95,8,0,69,67,35,41,39,59,77,18,69,40,80,33,94,94,42,12,86,72,1,45,39,11,64,65,73,74,80,65,19,91,72,16,37,79,79,2,67,75,85,62,83,24,84,49,86,43,19,46,29,54,38,41,96,13,60,95,94,92,24,63,89,1,53,65,22,85,45,64,27,6,22,24,36,19,35,78,19,31,46,5,15,84,80,50,88,1,2,24,73,32,98,31,2,45,40,37,96
9,8,87,5,16,64,6,3,53,89,98,77,67,18,9,73,32,55,21,95,5,89,37,94,34,38,20,1,71,19,25,79,12,80,17,93,72,60,80,49,84,74,62,63,71,71,95,21,52,31,92,23,33,24,92,90,7,80,44,39,83,18,86,54,93,8,5,65,34,47,42,10,74,91,72,82,16,5,63,13,27,70,59,65,93,73,89,73,58,10,61,50,45,0,41,5,28,34,24,49
87,88,46,36,61,91,70,89,9,21,26,39,88,45,20,30,15,24,63,98,24,86,32,72,97,85,61,23,84,88,54,65,66,94,80,36,36,14,62,1,11,71,97,70,20,57,53,85,84,42,45,78,89,89,44,77,34,56,82,2,77,62,82,1,21,35,70,65,45,83,48,36,16,66,22,31,78,28,38,97,46,43,30,58,10,33,1,93,27,78,6,16,2,2,9,5,85,20,19,80
98,79,78,99,19,7,84,46,52,7,19,13,84,37,45,51,53,62,40,51,79,97,68,31,10,9,54,88,24,82,30,90,72,12,28,64,1,1,66,4,37,7,28,71,88,65,69,14,1,20,47,10,9,39,69,4,80,16,48,84,75,94,30,50,80,44,47,43,76,13,17,47,96,45,36,28,42,3,27,67,85,75,20,25,40,36,20,99,14,11,36,35,33,15,57,21,13,84,34,77
39,76,40,83,97,81,26,70,5,70,99,13,17,53,3,86,18,65,96,95,43,36,30,15,56,32,44,29,3,61,59,72,50,28,34,5,97,74,7,51,71,23,39,39,59,13,8,4,45,66,24,88,24,94,16,78,31,44,21,37,41,2,83,10,55,74,77,1,42,34,4,80,9,67,46,6,67,79,66,1,46,5,86,21,94,38,87,36,11,54,76,8,44,48,80,15,71,80,23,75
21,23,61,69,65,36,51,50,94,22,42,84,8,95,67,76,21,99,1,71,86,67,47,35,21,39,26,89,62,47,62,73,74,86,68,24,69,59,72,19,78,89,6,8,38,29,27,92,97,79,99,14,33,14,80,89,46,56,83,89,86,62,60,82,31,29,6,40,54,31,78,32,1,89,43,4,41,31,33,21,47,54,69,12,38,10,24,68,4,41,48,96,3,48,54,41,55,53,1,61
51,61,29,65,4,37,29,68,7,5,14,34,2,27,11,97,17,53,90,63,33,65,77,15,35,21,10,7,37,32,6,85,63,37,69,69,81,29,57,29,95,94,78,38,72,80,60,53,97,24,54,42,27,28,31,84,26,9,45,14,39,45,19,76,26,29,42,85,47,10,23,95,78,90,30,31,89,29,25,94,19,3,58,67,50,55,0,81,9,68,67,60,64,15,64,12,74,73,95,68
41,59,35,80,84,3,43,15,10,9,57,39,36,51,43,84,80,6,71,26,34,3,59,41,83,68,16,89,81,22,27,28,80,50,78,44,2,43,55,48,65,96,35,26,85,31,20,21,8,9,28,96,83,16,61,30,28,37,89,25,92,22,25,59,53,60,80,94,83,26,21,96,58,78,52,59,89,55,56,33,39,53,87,47,85,17,4,10,15,79,69,69,18,77,2,97,18,0,56,56
63,31,68,45,58,59,77,11,47,45,68,38,83,78,4,33,94,54,47,54,29,44,40,54,16,53,21,39,41,86,90,33,27,62,23,25,83,48,9,69,91,23,54,36,40,53,42,47,62,60,76,12,38,61,81,29,5,0,42,93,42,26,65,64,37,35,25,98,77,44,65,70,84,65,37,47,89,9,19,65,4,43,99,11,47,97,10,93,72,80,81,8,81,4,27,96,43,22,26,38
73,19,55,40,56,37,40,39,6,58,68,41,97,5,90,52,87,41,19,89,19,44,23,71,66,66,66,86,51,2,76,63,61,54,5,21,56,6,85,48,90,74,3,53,10,58,14,54,48,46,45,36,87,65,50,91,76,50,33,50,98,59,9,94,87,88,74,2,90,37,28,59,52,46,0,6,96,93,37,55,58,10,2,39,56,34,99,40,48,34,21,12,39,87,58,57,23,8,5,41
63,61,38,59,64,20,41,61,33,9,72,8,63,85,21,95,9,38,57,33,74,30,87,62,85,33,22,58,19,18,81,73,21,44,99,18,45,33,84,30,81,61,66,51,41,24,92,17,22,33,79,79,60,94,68,5,22,78,67,68,6,24,66,94,15,65,86,14,15,17,90,15,72,13,97,95,87,29,19,22,40,32,73,28,34,74,3,28,52,54,72,81,64,98,48,16,81,18,66,71
16,62,33,76,76,17,36,59,0,83,36,7,18,89,15,67,85,73,53,55,0,72,65,34,51,90,34,32,6,59,81,47,86,59,12,58,16,4,25,91,27,90,60,4,47,30,34,3,17,87,39,69,43,31,63,8,80,50,28,33,11,9,94,90,30,55,19,19,21,78,40,89,46,13,70,51,38,33,48,19,79,59,9,30,59,10,45,84,8,58,12,4,24,40,47,15,0,66,81,9
21,86,53,28,87,90,39,58,89,28,48,65,5,51,55,7,44,16,73,46,45,27,43,16,82,37,3,81,62,44,69,93,30,66,4,24,34,84,19,87,84,64,77,71,53,78,76,69,36,20,30,28,66,14,39,42,84,80,66,23,92,99,86,23,28,48,87,7,75,65,22,30,11,84,56,80,15,24,71,55,92,38,70,4,26,18,17,29,40,94,57,92,40,20,54,1,40,18,9,99
44,32,80,69,86,44,22,81,24,55,34,31,52,13,40,86,29,89,42,35,97,11,92,69,13,52,16,49,89,30,24,39,8,78,88,46,72,3,13,16,17,92,60,27,77,5,53,82,89,74,13,75,72,65,20,11,56,46,67,39,22,56,36,63,59,66,13,88,33,19,10,80,23,47,88,8,75,66,40,61,77,42,93,44,53,28,76,69,46,97,75,52,17,15,24,69,90,79,74,25
43,34,81,38,82,37,44,35,30,96,95,65,85,12,29,17,64,49,40,75,30,63,54,25,43,9,24,11,75,58,62,59,53,77,45,25,33,15,85,45,51,47,93,77,17,65,12,75,82,10,15,76,28,69,82,87,79,61,50,10,50,76,40,93,19,22,55,72,29,72,17,79,96,53,99,77,16,46,97,29,78,71,75,62,49,31,73,29,58,19,44,56,70,20,92,49,90,90,33,1
59,93,77,48,65,70,31,45,32,53,29,65,30,0,7,74,61,31,71,66,30,31,93,92,77,11,40,15,80,88,28,60,55,23,36,74,64,74,54,25,22,63,48,2,93,96,3,98,11,97,39,64,65,24,59,15,81,9,56,28,87,74,28,50,69,67,22,79,47,60,37,52,3,89,48,68,63,21,91,0,51,75,76,55,27,25,64,48,68,73,23,61,36,72,51,91,10,59,71,83
29,58,5,72,55,60,46,61,73,10,83,78,27,35,20,67,1,20,59,23,32,94,92,69,53,9,51,62,27,49,46,2,35,96,1,60,86,67,94,10,49,0,16,25,39,84,53,95,91,1,10,29,86,92,23,87,66,94,73,24,41,12,52,21,39,95,12,84,2,38,6,50,48,53,26,90,55,44,26,6,20,94,57,18,10,77,38,98,32,3,35,85,23,21,58,81,31,99,40,61
90,60,69,10,9,89,79,84,52,92,24,10,94,76,89,58,0,64,83,34,93,74,20,17,14,48,2,56,37,2,30,46,42,63,48,3,39,2,53,44,31,30,59,44,78,28,40,11,58,39,39,72,26,77,68,77,30,90,83,46,66,83,54,29,55,61,93,20,30,18,15,98,52,44,19,74,88,86,25,2,59,99,86,74,1,43,31,86,44,97,52,81,29,93,30,28,50,33,72,72
48,78,46,18,11,71,50,7,78,51,65,65,12,86,66,13,43,75,75,72,90,91,6,85,56,70,59,6,40,39,98,81,2,18,98,73,67,80,47,85,96,90,42,97,87,87,49,75,84,93,90,76,68,16,5,91,69,85,98,92,90,43,71,2,15,31,13,96,14,58,55,57,50,26,33,47,47,2,81,88,88,16,75,15,17,76,20,91,85,72,72,68,99,78,94,17,91,9,69,62
14,4,94,82,11,43,53,91,91,75,67,91,15,23,87,77,30,22,87,78,23,42,56,62,76,14,98,19,59,87,72,30,58,8,88,61,68,13,9,72,97,66,86,24,94,79,9,43,35,92,17,28,13,1,4,10,60,98,40,4,85,47,31,98,44,31,27,85,55,75,60,77,75,36,25,86,69,36,61,63,37,16,81,73,55,48,99,11,58,32,62,39,74,26,19,69,40,14,70,98
60,50,21,39,19,0,43,76,28,13,86,75,30,96,60,83,80,89,2,81,36,94,23,11,78,41,12,43,48,13,78,33,55,54,38,81,18,65,62,89,26,7,36,43,1,81,99,63,78,33,44,95,12,72,73,42,34,65,65,95,89,73,15,86,53,11,1,49,20,40,82,27,10,65,48,79,15,66,76,68,35,3,83,38,3,97,75,55,72,61,51,93,81,48,85,96,95,79,70,94
69,88,88,2,79,91,24,8,6,17,72,81,17,26,97,48,53,61,6,13,86,13,25,9,31,14,47,18,30,36,90,87,30,16,38,4,73,26,49,1,49,30,5,57,79,57,26,88,94,29,12,6,9,71,30,53,44,27,74,25,62,25,86,7,18,59,68,35,2,31,57,87,54,27,32,16,82,41,89,7,96,21,68,98,7,82,28,29,63,65,13,31,6,72,32,83,3,90,10,52
76,44,25,40,39,50,64,65,40,80,38,0,68,83,65,3,65,56,50,39,42,7,29,10,66,22,34,20,95,65,59,97,97,43,83,4,13,36,0,94,90,59,61,30,19,95,30,10,30,47,60,42,64,46,94,20,36,97,54,26,83,90,78,5,32,39,69,17,76,69,12,8,7,75,42,98,81,2,19,44,63,13,26,90,76,13,81,54,21,90,23,95,69,4,10,6,56,80,17,41
89,79,7,11,2,43,93,83,64,41,88,94,20,86,14,82,61,3,32,8,83,27,59,76,91,52,80,1,39,15,74,6,31,84,55,20,85,38,97,50,77,52,16,84,66,92,68,40,39,84,36,24,42,19,11,44,70,71,67,15,32,9,76,78,18,8,35,49,79,23,79,93,40,38,87,1,64,32,40,53,96,3,52,24,78,86,69,37,65,98,5,20,34,94,89,28,71,78,18,77
70,86,19,83,91,47,96,4,50,94,16,13,81,49,84,3,52,19,59,39,51,65,66,26,34,43,47,88,68,33,92,46,63,81,44,15,72,50,17,53,60,57,4,81,17,66,18,67,60,14,11,41,74,1,11,52,83,42,85,28,1,83,3,53,24,90,93,6,59,56,81,93,77,99,24,22,80,91,72,14,31,18,86,88,69,42,98,90,48,10,17,59,10,5,94,44,94,83,83,59
31,77,74,4,69,3,75,61,38,34,74,39,78,85,31,89,52,22,46,42,44,43,74,24,88,33,77,21,75,10,20,17,30,49,2,51,49,55,77,10,17,71,71,38,75,13,42,40,7,13,99,54,3,63,6,14,45,19,30,50,47,97,6,9,93,34,24,80,46,22,88,29,50,14,25,68,75,32,38,78,66,70,92,99,10,34,89,75,40,28,93,20,16,68,19,62,77,38,70,49
2,0,93,77,8,11,48,97,26,0,99,67,63,55,57,96,9,40,94,69,45,52,35,90,23,7,80,16,70,95,80,9,16,20,40,71,76,1,77,86,84,45,85,42,64,25,55,84,34,37,61,34,7,53,16,78,68,39,39,21,21,33,70,90,95,80,26,60,66,60,31,82,6,0,68,91,66,97,20,45,40,41,37,99,10,35,3,63,62,10,6,0,26,47,18,65,5,30,36,26
39,81,99,9,3,82,33,91,73,30,83,82,91,6,48,33,99,51,97,66,86,14,66,95,73,18,50,48,2,79,81,27,85,13,43,76,19,49,99,44,95,86,46,65,43,62,1,45,98,30,62,72,77,23,51,84,94,27,25,12,64,8,57,77,9,86,82,5,22,77,16,80,67,97,99,5,42,66,45,73,48,32,98,17,1,67,33,5,31,65,19,28,73,34,74,36,74,49,79,30
43,93,29,41,44,39,16,56,89,9,88,99,99,35,43,30,38,88,48,42,21,80,76,83,5,90,61,12,40,5,6,0,79,53,58,86,54,4,4,45,19,85,0,9,54,17,81,96,35,16,97,4,76,7,41,14,12,67,16,91,54,49,84,88,82,65,29,59,84,36,88,48,30,51,89,98,76,34,44,25,26,21,84,31,16,77,22,6,90,22,95,37,97,25,24,93,19,56,82,17
10,42,2,82,58,28,35,88,76,20,62,28,8,27,39,45,94,57,89,99,74,61,35,12,62,60,70,91,4,40,8,93,54,42,74,99,79,61,16,70,91,79,96,4,47,69,20,37,8,16,69,83,90,64,22,63,68,87,13,99,66,37,87,65,64,53,29,50,48,65,81,32,74,59,44,37,90,92,28,55,6,64,46,88,46,75,19,0,88,16,89,79,8,61,94,49,70,84,77,4
44,14,69,41,54,40,11,8,8,0,60,40,53,10,50,15,97,29,11,58,23,96,54,39,34,78,37,38,61,87,20,65,17,49,66,23,45,64,2,64,27,45,20,57,19,91,71,51,55,20,98,70,79,0,28,46,75,41,62,81,38,98,17,3,47,59,96,3,37,5,9,41,10,46,5,5,46,71,53,41,39,73,6,79,66,57,47,74,90,8,89,83,83,12,81,53,88,67,85,72
68,53,32,0,53,12,50,90,24,9,1,41,30,39,96,33,95,32,82,99,76,82,96,90,5,63,26,57,79,31,41,59,69,73,20,70,16,68,85,24,10,77,27,15,15,80,69,85,45,83,98,40,41,83,61,62,58,85,87,42,52,97,94,64,69,50,69,23,39,5,98,50,73,96,85,13,38,0,21,76,32,61,64,55,31,22,57,84,4,44,43,26,50,74,1,68,8,70,72,25
91,57,59,61,88,75,10,4,50,20,70,61,5,8,50,80,58,50,53,22,75,81,81,23,69,33,88,35,25,78,17,15,21,65,86,90,47,74,2,50,52,54,10,69,83,41,77,98,45,90,73,61,18,79,31,77,76,40,52,93,66,27,81,68,78,38,24,86,63,82,23,95,57,94,22,62,38,53,0,29,1,80,88,24,42,50,80,51,10,94,46,64,84,35,71,4,30,41,28,75
76,18,40,41,26,46,83,40,94,95,32,58,8,40,92,60,45,45,9,51,68,11,25,49,70,40,38,58,93,49,97,22,91,8,64,30,78,52,33,99,81,40,43,12,17,63,99,85,97,30,81,29,29,23,40,43,62,45,60,92,72,82,46,93,7,49,94,25,36,8,61,80,68,40,75,49,16,0,4,28,30,30,66,24,61,8,39,3,53,16,63,42,19,95,31,96,6,93,44,0
62,29,83,68,45,10,93,47,47,8,66,51,27,61,5,12,57,51,70,9,77,86,34,61,19,71,44,51,60,46,75,43,7,98,90,53,76,24,25,64,32,44,44,70,71,82,64,30,93,39,62,53,95,59,4,61,11,66,93,24,93,71,61,92,43,27,15,91,46,5,43,28,73,39,89,58,30,0,15,95,41,74,26,40,22,53,0,65,9,69,96,28,0,89,32,57,60,61,98,53
39,89,24,6,27,83,0,99,86,27,62,40,94,50,52,18,18,65,51,5,20,99,21,12,2,88,33,14,97,25,70,60,73,42,70,8,7,51,61,34,15,29,90,86,59,53,59,12,46,18,81,29,81,41,51,64,74,33,21,25,70,86,15,90,82,26,80,76,14,26,14,8,41,34,13,93,75,75,36,33,82,96,65,79,84,50,25,15,81,18,55,77,92,77,74,73,26,19,86,34
20,90,22,29,98,8,14,47,54,21,99,90,28,34,29,91,85,83,44,83,9,22,60,9,29,39,78,1,21,67,85,93,33,25,86,9,27,51,91,11,79,22,1,98,74,9,91,61,86,11,34,72,2,26,51,51,8,52,2,60,70,24,63,26,67,6,67,76,86,88,5,97,19,45,73,0,30,69,4,0,46,55,79,49,17,29,34,61,90,23,2,83,90,87,26,93,43,1,66,37
6,27,16,51,98,86,70,35,6,56,88,65,60,0,30,28,41,92,42,27,5,69,97,44,67,9,66,97,54,81,82,47,96,97,62,36,68,95,36,37,69,18,48,92,5,89,81,32,24,88,31,46,60,86,82,6,95,1,11,94,45,87,49,96,73,90,20,85,35,31,68,11,13,64,78,0,33,88,47,65,17,64,91,40,96,61,74,3,97,28,71,87,34,72,24,59,17,25,75,42
93,53,7,61,32,32,94,42,20,13,52,57,40,5,80,53,3,72,8,23,73,31,58,37,87,46,12,30,73,53,36,28,41,60,64,24,51,98,89,44,5,72,13,81,87,48,79,54,28,85,87,23,94,30,60,96,48,70,63,11,29,42,27,54,11,4,3,19,34,83,51,39,11,1,82,93,14,69,55,18,33,65,23,76,64,89,15,82,85,3,48,37,83,30,1,64,15,55,9,18
54,20,3,60,20,8,58,23,52,54,48,36,4,84,71,5,55,77,13,54,83,73,61,56,60,61,63,2,33,52,56,23,91,60,7,57,30,77,18,66,53,88,6,4,22,65,76,68,48,42,48,65,7,82,26,4,26,57,65,15,10,78,57,80,47,77,53,35,98,13,2,28,71,3,15,88,33,70,76,95,24,17,67,60,99,55,45,25,66,43,41,51,96,3,72,2,59,64,62,55
15,64,3,47,35,46,93,91,26,52,66,78,79,2,23,90,98,99,28,89,57,10,51,57,50,20,57,40,26,94,83,60,62,79,79,19,86,39,96,86,41,69,11,32,47,48,13,76,44,90,64,38,96,50,74,73,32,12,86,27,75,42,66,55,29,54,69,74,86,11,33,78,1,65,65,78,79,40,35,4,4,73,85,60,94,25,52,71,23,79,75,74,58,89,40,73,98,24,66,78
45,35,82,53,43,49,93,62,85,13,20,27,74,31,84,72,31,50,28,99,6,50,42,53,9,3,77,88,77,9,71,4,92,0,39,20,36,34,91,66,9,97,6,21,68,54,1,69,60,95,95,66,75,62,48,37,28,84,74,35,16,47,16,78,21,70,78,9,13,49,8,82,43,31,11,1,40,71,76,86,31,93,39,41,67,76,44,32,69,33,41,75,67,52,49,86,95,74,29,92
32,48,73,52,27,51,18,54,55,96,44,36,55,66,40,85,38,56,24,16,19,29,40,0,64,36,53,64,75,65,30,56,18,7,57,5,52,11,51,22,23,5,67,31,22,87,77,18,85,66,91,55,84,12,68,53,39,14,85,25,14,92,42,12,65,11,93,77,53,40,18,59,64,43,67,48,91,29,76,78,80,74,25,60,42,22,86,62,61,75,14,63,15,68,66,80,51,40,2,20
2,50,48,62,60,57,29,27,34,1,80,15,26,93,47,41,79,17,98,85,76,2,58,63,34,57,49,17,38,36,98,38,97,84,41,64,44,84,4,26,10,54,51,51,51,28,91,69,50,5,79,34,5,27,98,54,73,28,32,20,98,41,43,39,79,52,73,46,63,19,95,12,56,74,23,98,22,29,40,13,43,54,0,64,47,75,45,72,25,15,89,29,20,48,7,6,10,93,88,61
80,91,55,50,53,43,56,23,54,85,59,79,70,53,58,90,62,96,12,14,86,59,82,59,1,43,63,38,32,8,23,55,86,84,38,21,86,69,23,3,36,96,75,20,80,4,14,46,18,14,9,24,45,41,0,2,97,42,88,64,75,59,40,59,44,72,66,65,56,36,96,57,48,41,23,65,36,18,52,73,61,43,20,67,95,2,63,7,76,96,95,52,14,77,64,97,35,64,34,69
97,48,97,34,70,19,98,53,6,28,59,38,69,41,20,6,65,18,80,91,54,92,17,46,20,19,11,2,13,83,93,4,40,64,54,52,86,18,9,58,63,99,70,17,29,81,93,18,60,35,69,98,35,24,49,87,91,68,33,51,22,50,18,27,95,2,57,58,70,44,71,15,31,58,87,12,37,86,38,98,46,2,0,36,48,85,43,71,23,47,29,75,12,37,8,94,61,33,96,84
3,33,86,39,78,71,54,76,97,70,92,93,67,29,5,59,91,8,47,69,65,65,31,71,37,96,31,47,33,96,34,63,77,18,68,31,69,1,3,56,75,4,99,80,1,83,51,40,53,17,39,45,49,49,69,80,33,7,4,81,49,51,44,96,14,77,30,18,36,8,30,71,53,51,65,42,78,1,9,19,70,30,26,55,15,96,84,17,94,20,31,60,63,9,45,57,0,55,48,35
5,48,21,61,66,39,4,34,86,55,31,17,57,55,52,80,68,82,68,65,49,74,62,66,59,36,75,14,3,50,81,36,26,76,10,79,38,86,25,13,88,45,5,67,86,45,97,49,70,89,16,4,70,51,87,52,31,7,40,98,83,17,20,1,81,62,52,50,54,45,44,55,24,59,56,98,33,29,5,44,81,69,82,77,2,20,10,54,51,97,28,0,93,32,16,28,95,75,48,90
42,48,37,46,69,3,20,18,40,13,70,70,69,57,8,74,47,10,10,92,47,18,83,38,64,88,37,85,10,13,46,60,95,40,17,66,52,82,70,65,47,62,69,90,67,87,95,92,80,58,29,71,95,7,27,11,46,39,64,31,49,26,52,4,12,70,58,39,82,62,43,74,4,50,25,73,42,22,65,29,75,78,10,43,61,91,8,75,80,66,82,93,92,92,98,97,67,89,39,21
31,56,48,57,36,52,13,37,40,83,15,43,63,61,33,21,11,72,26,69,44,77,12,15,74,95,57,53,34,59,93,2,75,41,17,7,71,25,97,49,2,5,82,67,3,69,98,90,37,15,15,58,28,53,67,0,94,83,31,36,92,66,47,48,86,57,95,62,5,51,29,51,59,13,86,16,39,15,8,85,89,76,28,2,91,22,59,34,63,95,43,92,55,16,53,71,70,14,87,3
10,79,33,42,76,23,55,58,85,36,29,4,3,40,59,56,98,75,66,26,31,82,34,77,42,67,8,59,48,9,43,55,63,70,39,23,72,14,88,79,44,48,97,19,71,9,58,72,52,16,45,21,74,76,72,65,91,95,48,87,95,70,24,75,80,14,91,60,41,9,66,64,59,44,9,90,23,33,4,74,26,38,85,88,27,87,57,65,66,43,25,69,63,45,29,71,26,23,6,84
26,2,59,73,46,28,3,89,31,22,10,44,97,71,20,69,34,57,29,31,2,1,72,76,66,41,9,90,75,73,13,61,4,7,17,8,29,29,23,50,94,39,12,57,91,10,18,72,28,13,4,63,63,36,49,90,10,48,69,95,58,1,71,8,32,18,15,40,94,46,77,15,49,89,55,90,90,6,35,42,45,71,86,91,77,72,1,89,40,6,66,71,81,7,62,20,92,68,91,5
16,28,91,34,98,48,92,85,87,33,16,47,97,96,81,43,37,17,64,69,60,87,8,0,40,80,43,37,86,39,44,71,22,10,25,89,47,28,84,12,58,67,51,17,39,2,42,70,44,33,90,62,81,79,92,88,35,60,43,24,62,51,56,73,23,27,87,61,11,11,98,40,44,37,94,74,72,69,31,0,39,83,94,88,99,20,28,85,99,2,99,7,76,2,94,80,97,5,11,80
43,6,22,54,97,92,95,34,87,16,68,94,81,12,2,64,31,68,0,11,29,22,45,45,66,51,80,66,5,17,35,62,32,89,3,70,25,69,38,64,63,70,33,95,44,42,10,44,9,79,29,6,39,70,60,83,8,83,89,43,61,37,90,46,3,70,38,37,97,69,92,37,89,13,32,86,5,53,38,3,64,2,95,54,37,98,97,72,28,98,85,69,74,32,29,38,68,91,99,5
11,45,63,88,90,21,28,92,8,82,27,53,35,75,21,42,14,58,22,91,76,83,14,48,62,76,70,64,35,65,35,13,76,8,38,68,57,59,83,67,34,68,81,20,77,96,31,98,0,75,43,62,58,79,95,97,61,16,31,16,0,39,52,90,77,38,47,76,38,79,53,93,46,42,45,47,65,32,17,19,31,92,11,75,17,10,83,15,48,44,28,33,70,64,9,43,19,47,61,81
55,36,23,6,4,47,87,6,84,16,10,92,41,76,15,61,39,14,34,74,13,79,79,36,67,4,17,40,0,67,25,65,92,57,41,31,16,68,61,28,19,33,96,99,31,20,60,94,49,33,1,55,0,90,35,18,57,10,60,79,89,72,76,22,33,27,25,96,92,57,26,91,25,82,49,34,47,40,61,58,85,73,93,98,36,0,12,78,26,19,54,89,72,39,50,7,74,86,28,50
40,66,9,93,14,30,57,15,91,84,73,71,58,74,92,76,4,34,58,30,53,86,41,49,29,84,19,34,80,70,26,39,73,0,42,4,97,16,72,99,58,69,68,58,73,43,8,92,1,64,48,67,67,46,62,67,0,37,90,10,59,44,28,70,94,40,93,92,81,79,15,35,37,59,19,31,3,62,83,98,90,41,37,98,11,47,84,75,51,72,32,52,89,28,92,56,75,13,44,39
88,57,69,12,29,16,34,76,80,61,58,28,36,3,93,7,54,46,46,72,75,63,44,55,19,10,46,16,76,43,41,20,68,36,9,73,92,24,86,62,70,50,49,85,78,49,94,94,25,98,18,31,35,53,60,74,35,6,88,49,9,80,88,53,90,2,32,79,69,93,19,31,3,58,87,44,44,31,83,66,49,79,21,49,89,36,75,56,68,25,89,36,33,21,55,94,27,90,67,80
68,10,35,28,60,38,63,81,37,12,59,92,33,78,67,76,30,77,42,69,31,92,39,21,26,52,97,7,22,47,77,35,51,48,63,21,77,40,60,19,17,55,40,61,31,72,28,28,71,31,4,98,60,78,32,84,38,88,95,41,12,62,68,73,69,71,53,41,13,99,21,7,91,7,61,84,94,91,15,76,14,10,71,1,81,73,41,96,15,70,5,82,32,49,87,67,83,25,89,99
13,40,23,5,76,21,31,10,88,27,79,33,82,79,41,98,5,93,73,62,43,32,80,30,15,15,60,29,89,4,70,28,78,24,80,66,13,31,64,56,82,33,21,57,40,77,52,22,69,53,70,31,37,3,36,23,26,83,12,25,81,82,35,24,0,44,65,99,3,34,29,47,28,48,27,23,1,27,25,4,37,95,66,77,74,53,23,37,42,66,81,83,71,62,58,12,55,37,48,42
78,13,39,59,62,36,48,82,31,87,42,5,0,15,93,13,73,59,55,0,70,70,49,77,50,23,89,44,20,36,61,62,11,98,71,41,67,16,89,27,78,33,26,33,44,70,26,89,27,85,73,44,34,6,60,45,11,7,78,54,15,12,67,88,47,74,19,46,44,90,71,63,74,67,38,88,65,35,10,55,54,22,79,48,41,50,62,8,57,54,47,47,31,2,84,15,34,13,92,98
6,98,67,92,37,8,14,70,47,87,53,34,1,95,15,71,5,28,13,51,41,29,46,86,38,50,59,99,53,12,44,94,73,40,58,43,16,85,52,0,25,42,80,22,32,72,13,81,63,42,22,97,71,85,13,83,40,63,18,81,13,21,21,89,75,89,43,6,44,21,94,61,47,69,65,77,26,85,50,50,21,93,60,29,88,88,4,63,78,69,25,96,47,52,69,78,96,49,61,52
65,87,47,41,49,0,36,72,51,12,33,5,48,59,45,89,94,56,67,42,23,45,23,56,59,37,63,7,57,58,70,80,47,94,89,49,22,80,87,26,40,83,82,97,58,31,60,65,78,8,38,51,89,52,10,20,83,41,24,95,29,59,49,73,48,88,64,15,60,89,95,66,56,61,25,32,47,47,57,53,2,87,1,96,61,17,82,95,24,88,9,45,74,58,66,89,64,18,55,40
48,37,48,91,17,25,52,97,56,98,36,54,25,72,56,92,32,67,14,93,13,58,51,51,73,91,65,48,52,12,76,46,23,85,41,86,71,43,71,40,17,77,80,45,2,34,75,48,50,42,40,93,87,86,96,73,66,24,73,54,87,9,87,32,26,83,36,68,57,27,67,56,26,19,74,37,81,7,46,52,60,74,15,31,16,7,36,85,26,62,48,30,5,64,76,49,11,24,75,14
92,78,25,46,32,43,94,28,19,76,21,41,12,17,88,72,2,44,69,10,26,32,5,95,26,4,0,17,51,97,85,3,46,2,14,86,37,86,60,66,4,43,30,47,64,37,10,30,57,98,26,71,36,83,98,54,31,69,83,60,30,56,28,23,26,57,12,62,39,83,67,72,5,45,4,6,1,92,91,49,19,60,0,28,2,98,12,12,69,31,6,49,50,7,27,40,75,47,58,35
46,97,75,16,27,99,60,90,68,82,51,28,13,63,68,92,83,1,39,23,2,85,19,14,25,36,97,82,3,75,94,19,37,43,11,93,59,9,61,28,34,28,96,84,8,63,63,27,19,93,98,42,81,49,85,55,42,33,21,96,99,78,94,5,79,19,60,4,61,11,49,83,13,45,37,8,19,53,65,11,67,92,85,3,55,32,50,22,39,22,83,55,98,99,78,10,47,97,53,55
1,93,50,93,58,9,89,23,60,52,84,44,63,0,82,99,43,80,6,45,21,26,26,53,6,26,64,86,6,2,38,68,49,89,24,93,35,29,69,65,84,35,9,69,14,51,87,92,90,23,55,54,95,40,68,18,20,37,58,14,58,67,47,12,71,28,74,17,50,56,54,66,13,18,10,98,10,10,36,7,82,74,13,96,71,17,63,16,35,36,32,37,55,40,23,55,70,20,14,59
45,54,76,21,37,27,87,11,9,73,20,16,92,70,41,68,41,10,94,37,82,38,19,42,82,42,63,62,86,60,92,92,89,81,20,74,84,23,71,31,21,9,17,32,38,19,27,88,56,31,44,18,99,92,4,26,95,66,17,20,2,19,4,38,87,6,59,57,25,27,95,63,68,6,36,39,64,62,85,21,0,56,83,13,38,76,62,50,10,27,42,96,53,92,92,39,25,37,4,23
9,79,45,41,10,10,5,92,17,93,87,37,12,33,6,80,9,91,97,45,5,81,66,26,4,94,15,16,22,33,92,7,63,30,69,82,56,17,7,99,61,40,32,50,67,18,60,64,18,30,28,19,57,60,44,81,47,85,41,83,55,30,30,93,97,68,56,86,50,41,73,70,83,61,92,22,50,84,55,80,64,31,77,89,60,90,17,89,17,31,88,43,31,30,31,16,77,14,23,63
26,17,9,36,67,93,36,41,80,87,56,2,37,11,52,64,32,30,99,84,98,63,34,23,44,51,23,2,72,89,72,12,91,52,71,83,13,76,24,83,59,0,56,73,99,83,89,91,51,57,38,15,93,76,78,6,74,11,54,66,65,30,42,55,45,61,63,78,92,79,4,65,15,2,96,11,62,21,32,67,33,63,2,89,32,91,31,73,30,38,60,43,80,2,2,94,2,73,24,27
62,98,54,16,65,24,91,55,41,74,14,66,16,57,45,19,32,93,62,55,88,68,17,96,59,65,96,22,35,94,95,24,75,40,23,88,64,45,52,78,14,69,56,20,29,90,59,45,95,31,64,3,50,3,70,85,73,90,78,9,98,73,28,69,28,48,4,42,21,78,11,75,96,49,20,34,65,39,85,44,16,50,89,1,12,50,83,15,93,41,19,97,28,74,75,2,10,94,37,34
