59,43,47,74,90,30,81,22,87,22,45,33,86,98,73,46,74,79,52,58,74,29,33,77,95,38,50,87,61,60,88,30,49,43,28,66,4,98,67,77,73,85,55,92,27,87,32,23,87,98,75,10,73,24,25,57,61,1,93,59,41,25,15,81,92,65,44,67,21,39,9,26,72,57,9,85,91,98,31,42,82,67,42,45,38,17,93,26,86,83,50,48,91,13,24,35,19,46,87,73
97,54,17,24,72,12,96,92,8,48,66,17,81,67,68,23,78,23,52,30,8,92,12,99,7,26,17,24,35,65,98,2,29,87,15,62,54,91,84,86,14,71,27,67,7,14,65,54,24,35,49,96,73,86,41,93,84,33,87,39,11,16,45,56,28,60,32,66,24,71,94,83,69,15,45,34,10,43,50,30,92,9,13,77,9,27,68,61,37,62,56,95,75,96,71,8,62,68,70,12
61,72,28,19,29,20,9,80,21,20,58,82,63,10,56,58,98,13,12,19,16,24,29,37,46,72,48,42,50,56,9,69,20,85,13,20,97,16,29,4,54,57,93,88,81,76,42,86,81,34,18,86,92,78,12,29,4,38,54,5,85,80,16,48,84,0,96,41,51,6,18,4,23,81,93,23,60,80,43,79,96,83,90,28,13,21,74,69,15,68,79,28,16,81,22,2,54,95,38,31
13,81,3,98,65,37,63,70,64,72,49,91,22,64,87,41,47,16,18,65,15,67,33,94,53,71,33,19,76,79,94,36,26,97,52,14,87,20,81,11,63,28,53,13,76,77,53,64,78,45,31,31,58,70,29,55,7,69,56,44,72,71,1,94,85,96,38,78,76,96,85,17,90,81,38,78,43,87,30,63,82,44,62,78,89,64,81,56,52,80,44,75,11,8,74,43,55,11,3,54
51,28,46,64,86,24,76,0,85,82,46,13,26,89,86,84,89,73,26,49,49,26,89,55,25,23,60,95,66,2,12,74,27,22,21,98,22,54,71,24,52,87,67,94,99,75,60,49,33,41,86,37,34,33,74,45,43,31,44,82,41,76,43,67,98,44,68,17,6,34,19,71,19,94,78,73,25,13,73,72,19,26,12,60,25,22,0,56,55,0,31,50,30,22,99,96,55,85,57,98
27,45,37,19,92,18,99,72,77,62,97,34,94,18,53,73,79,70,15,1,18,2,89,44,43,87,20,96,32,92,78,69,57,88,79,35,96,5,45,4,15,29,32,59,74,73,38,59,57,21,19,52,18,39,30,25,67,39,78,64,51,24,45,8,40,34,35,17,6,84,60,76,47,9,55,33,5,5,9,31,8,59,26,52,8,65,22,43,88,65,16,19,7,70,72,34,55,51,10,64
73,47,12,67,93,19,17,96,58,0,73,71,53,40,12,50,53,49,65,31,1,31,17,44,37,39,37,98,31,20,64,20,44,98,47,26,96,90,14,27,1,89,95,97,28,23,52,31,67,69,88,66,47,46,49,16,5,87,10,60,9,78,1,66,90,52,53,57,89,20,16,57,81,0,0,96,98,13,66,89,27,25,3,58,16,52,53,99,34,36,20,66,75,77,66,30,21,88,75,13
15,21,54,71,28,48,28,26,94,5,37,23,44,51,6,21,97,30,63,75,89,2,99,32,48,31,38,93,90,95,48,93,24,26,80,9,14,65,12,85,32,25,85,59,35,51,3,53,32,61,2,64,58,51,4,80,65,48,54,43,59,33,33,85,61,14,28,11,74,53,64,61,62,44,45,31,80,2,84,2,35,78,64,4,53,70,23,21,51,24,41,36,82,54,73,76,74,52,91,79
48,62,32,88,28,14,57,77,79,59,17,40,82,43,49,62,6,8,80,30,73,40,64,3,94,30,75,20,4,1,62,27,97,94,4,96,7,95,64,62,92,45,65,47,79,24,90,51,80,42,37,77,48,51,10,87,42,43,77,37,76,82,83,74,83,58,93,45,8,50,47,33,30,35,71,44,73,31,23,15,85,49,59,63,72,45,17,95,87,51,10,17,56,12,8,88,68,42,12,3
95,0,74,91,18,86,2,78,55,15,34,56,87,82,80,21,41,28,60,91,54,34,24,37,76,8,4,17,19,81,95,74,33,18,28,32,22,5,97,73,64,25,87,15,80,74,25,63,54,38,60,26,56,93,79,64,63,1,38,87,77,0,46,66,6,47,14,53,18,53,54,43,59,68,15,99,78,44,62,64,65,86,14,83,11,49,24,87,31,11,67,16,70,32,27,84,67,75,50,73
55,68,8,90,36,58,51,92,32,44,63,39,0,74,46,74,59,93,73,39,10,74,57,42,51,55,31,9,59,30,34,67,20,54,2,97,84,65,58,98,0,28,38,47,49,74,40,94,8,64,32,37,54,63,5,13,77,42,35,34,41,25,38,78,83,46,57,55,31,35,48,62,25,63,71,42,16,75,85,40,91,55,74,79,43,39,94,32,94,17,48,93,91,84,66,10,93,6,84,46
27,70,14,50,74,54,83,18,86,5,14,12,82,99,39,94,13,48,76,82,88,8,28,47,25,46,85,97,85,88,39,60,79,75,74,37,41,46,95,22,8,37,49,99,49,41,29,35,72,87,33,51,62,53,50,69,45,52,15,51,88,46,39,68,53,91,71,93,67,21,27,15,52,53,89,95,57,23,74,88,75,91,32,15,97,96,57,27,76,49,54,47,61,83,7,99,6,3,86,70
71,94,54,46,12,85,95,80,53,75,70,47,7,73,71,43,17,57,13,39,53,4,42,25,22,58,37,61,19,73,9,6,91,43,81,75,95,52,41,64,16,25,34,46,49,99,27,55,34,85,45,4,58,73,49,20,87,46,55,59,42,72,49,84,65,41,51,7,86,56,33,28,68,40,30,82,42,40,35,73,74,94,54,27,5,10,26,63,78,77,66,52,33,98,82,21,82,3,7,10
4,10,84,95,50,41,96,13,43,58,22,34,19,59,32,66,85,39,4,6,58,63,69,30,3,21,41,66,7,8,35,12,55,18,72,35,9,90,77,82,9,23,97,99,32,14,89,3,69,81,39,1,17,12,6,22,39,83,99,62,83,88,62,70,46,86,30,30,63,28,63,96,58,34,5,75,64,79,94,63,40,51,23,80,79,17,57,78,49,77,42,19,70,44,82,4,81,17,34,77
14,89,41,54,70,8,75,71,53,83,56,9,55,20,74,5,49,34,26,94,6,36,55,36,46,1,0,31,97,79,54,16,23,30,39,15,11,8,96,53,45,41,49,30,21,86,17,63,44,80,36,25,70,55,16,13,82,46,7,35,2,39,48,97,79,98,89,87,8,63,13,99,40,94,87,35,70,24,11,53,99,58,44,63,71,13,99,86,53,15,68,97,81,88,45,14,15,41,33,94
23,35,41,20,55,17,80,87,8,94,45,90,42,34,63,14,19,53,8,83,64,89,92,0,39,86,17,70,78,96,95,11,61,63,56,40,95,51,92,57,59,54,74,57,30,51,46,28,78,9,77,65,95,75,9,84,77,14,90,31,99,14,50,45,92,3,19,68,22,18,77,55,78,42,61,54,28,19,88,19,82,90,83,41,44,40,77,35,3,38,79,72,74,44,6,30,18,2,30,35
19,21,67,12,93,82,80,10,30,48,13,77,85,47,99,61,15,6,76,5,77,86,10,61,8,93,95,22,75,90,54,38,70,29,24,8,55,57,38,22,26,82,34,8,25,88,2,7,36,80,3,12,69,11,81,71,24,36,68,3,14,15,58,66,68,3,38,42,39,83,77,16,45,37,52,0,67,69,71,92,35,54,41,87,28,45,25,75,94,46,29,31,62,26,64,81,2,47,47,47
7,60,58,80,90,97,47,65,29,89,31,34,91,53,26,11,82,49,96,6,52,80,68,62,82,54,24,51,65,27,68,72,12,99,93,70,20,21,35,43,41,46,99,50,7,46,58,45,85,57,97,95,55,98,53,6,34,71,24,90,26,7,13,10,22,42,12,12,15,5,85,76,50,68,1,10,32,27,42,16,30,82,85,36,4,12,23,61,99,64,53,2,24,39,86,10,99,99,61,4
99,62,43,5,10,18,76,82,30,11,34,98,97,43,4,4,19,48,78,33,15,62,65,67,81,93,31,96,59,59,15,88,20,78,66,24,62,33,44,70,17,59,94,75,82,74,80,23,51,95,38,59,10,29,89,97,30,30,44,1,77,18,92,36,18,15,48,93,40,57,29,36,3,20,13,95,1,87,55,53,1,7,48,96,42,0,33,68,23,45,18,54,2,86,38,66,37,8,40,45
61,66,57,28,47,86,5,62,78,59,85,36,52,27,71,80,17,40,70,10,3,15,83,85,96,10,27,14,99,43,22,9,44,89,23,73,46,52,63,34,94,81,22,29,57,52,22,42,56,40,64,9,20,18,16,25,82,38,23,78,94,87,18,35,32,19,37,39,49,14,36,18,72,82,48,26,26,85,71,6,13,80,60,97,86,57,87,67,52,92,94,44,42,64,68,76,46,67,4,78
66,72,21,60,27,48,16,25,66,88,60,55,86,24,93,58,6,99,32,75,18,62,32,58,86,85,59,71,89,86,53,28,82,46,63,1,7,71,93,43,53,89,0,91,43,52,68,29,63,42,80,39,79,42,60,67,45,12,78,51,91,43,13,86,26,40,42,30,99,81,29,98,30,63,44,50,39,85,71,68,4,41,73,44,26,72,21,15,44,69,8,52,98,69,25,36,39,41,66,99
69,59,63,57,68,67,76,71,76,60,12,59,37,97,54,27,53,29,25,80,24,98,27,37,4,15,66,0,2,85,96,65,4,68,7,21,85,11,37,69,44,43,79,47,98,94,75,13,87,29,17,13,89,33,67,6,98,46,97,97,16,99,32,75,80,29,20,9,95,82,70,58,6,19,44,99,53,57,90,56,65,28,87,44,68,81,1,25,97,61,92,15,98,98,15,25,89,63,57,46
81,46,75,70,35,61,90,85,4,58,59,47,31,11,1,87,2,1,7,35,32,81,86,31,35,47,50,36,95,1,57,79,8,37,13,48,38,92,86,79,20,0,84,50,30,10,1,91,5,73,39,70,1,54,65,83,92,35,58,53,69,11,8,51,29,55,28,31,32,32,8,27,1,25,8,26,38,34,45,11,66,83,87,78,62,83,47,75,84,6,77,57,23,74,27,41,90,20,6,50
32,53,57,76,21,9,26,11,43,24,11,65,90,42,73,98,48,91,54,91,58,54,38,66,92,21,46,9,56,7,24,23,36,20,27,60,14,76,89,75,96,4,51,61,95,68,93,49,83,49,12,44,46,57,38,36,72,93,31,32,52,91,44,97,49,19,43,53,57,73,43,77,31,97,17,4,71,63,51,34,46,78,94,68,21,29,77,16,43,62,53,2,95,45,5,77,21,16,41,38
80,76,91,51,76,38,7,90,10,41,87,19,18,68,40,79,1,21,63,82,15,17,36,18,14,57,21,9,64,97,32,33,0,91,50,0,57,84,4,48,52,8,41,90,53,99,41,2,88,11,52,35,69,5,82,95,16,13,33,17,82,6,98,58,79,0,72,69,85,67,32,8,84,35,63,39,47,64,5,26,62,24,49,95,45,3,7,90,87,42,52,79,2,13,58,12,9,23,1,84
63,91,0,57,16,74,47,36,75,50,96,6,99,21,51,28,83,81,45,6,73,80,18,83,30,14,2,26,83,5,7,71,38,65,18,17,81,90,21,20,43,3,20,0,19,86,0,85,33,27,7,70,97,7,92,11,83,31,80,75,34,31,5,52,84,4,46,89,14,52,99,96,16,37,11,76,2,79,17,23,37,7,97,86,96,86,52,20,59,86,14,0,4,38,95,32,77,64,32,14
32,8,81,58,18,63,11,90,50,52,74,88,43,58,81,81,68,13,14,42,74,7,71,23,9,87,69,49,78,81,89,11,71,61,74,2,76,5,39,2,20,70,72,45,32,85,51,27,17,51,78,26,34,71,29,96,99,0,21,36,78,84,20,64,45,11,51,84,32,94,66,75,3,67,24,34,74,6,35,96,98,0,0,86,2,81,92,17,63,47,4,84,86,46,47,17,71,8,76,24
50,25,39,24,82,80,27,34,51,8,17,2,70,22,29,74,41,8,82,54,48,39,65,53,78,82,83,72,50,17,77,7,66,26,2,58,9,38,26,84,85,16,36,88,43,75,7,32,52,26,35,56,0,77,62,76,54,44,76,55,17,66,24,95,65,68,59,82,36,39,2,33,63,62,25,16,44,39,54,32,96,78,50,36,70,56,77,96,91,14,41,8,81,74,11,30,72,70,13,14
70,28,98,53,56,53,74,43,68,78,41,64,7,76,6,89,83,96,71,86,53,13,25,84,4,98,19,62,41,37,70,45,79,62,81,51,95,63,54,81,72,99,74,89,7,59,15,64,81,23,47,83,27,55,13,56,4,93,24,72,8,80,93,27,41,55,80,49,57,7,2,49,70,89,94,58,42,80,8,89,2,79,85,64,0,73,18,14,74,17,26,21,60,73,7,57,78,48,5,21
24,28,28,64,58,16,61,97,99,68,85,76,88,50,18,39,89,93,44,24,43,70,4,68,62,72,65,54,43,9,17,23,92,59,13,76,18,12,59,57,73,7,80,26,41,4,32,44,78,80,60,38,5,77,25,77,46,15,20,62,94,77,74,39,25,67,10,46,16,53,14,43,31,21,38,9,26,1,89,69,0,56,61,89,61,51,35,0,67,88,48,48,66,76,54,47,34,41,50,27
43,12,23,91,46,75,71,69,59,40,99,23,92,56,80,12,79,96,2,73,7,9,26,24,53,0,78,71,63,1,0,45,9,72,13,84,31,14,40,50,97,57,8,20,27,9,99,85,8,28,8,8,42,56,94,25,84,34,80,74,31,90,81,38,31,44,56,95,24,30,2,42,0,13,19,63,18,1,39,16,89,86,36,34,94,44,73,56,39,65,37,59,42,8,64,47,89,17,21,51
65,42,94,79,56,59,75,27,70,16,96,84,13,73,18,81,68,63,21,33,93,43,20,23,64,18,93,94,48,21,44,89,3,43,11,44,99,9,0,85,3,57,62,29,9,89,27,50,30,28,90,2,30,29,73,49,21,51,27,90,12,64,30,57,98,94,17,11,54,56,57,62,22,74,50,41,45,5,0,11,25,85,61,58,51,43,35,70,10,2,0,14,94,50,50,92,12,47,57,76
72,53,37,23,55,76,32,74,97,62,23,88,33,64,11,68,8,80,67,61,39,53,44,90,32,62,7,39,57,47,10,15,0,94,28,40,6,23,87,12,27,8,29,10,79,67,11,27,90,34,48,51,93,44,2,20,6,99,51,3,44,99,15,91,91,0,0,76,11,35,5,23,87,79,18,93,46,46,50,48,65,13,14,19,79,41,55,23,42,22,17,40,50,46,63,35,3,95,40,29
46,6,51,39,9,6,10,90,0,90,2,74,61,7,73,60,81,34,44,43,32,80,27,35,0,24,86,47,80,93,37,37,56,3,91,13,85,59,58,16,70,80,19,51,42,83,30,8,74,83,78,10,68,55,63,68,46,30,29,82,49,86,2,42,77,43,15,43,35,97,1,65,0,35,75,45,86,36,27,10,66,17,71,79,5,10,22,45,97,0,58,88,60,47,25,47,54,96,85,47
71,18,58,8,10,52,98,44,96,2,1,68,85,99,94,40,91,53,23,96,57,24,52,10,23,89,12,59,62,36,31,45,74,18,35,76,56,6,18,92,48,92,29,11,8,52,24,38,53,92,20,96,61,69,42,98,13,22,25,43,38,38,2,12,63,91,8,90,15,96,61,20,12,6,41,83,77,29,64,6,75,36,87,51,52,7,42,5,90,18,5,83,9,2,17,89,11,36,4,45
98,34,89,58,59,58,63,74,96,56,29,1,97,27,31,81,59,62,12,0,56,83,54,22,56,29,53,73,39,85,99,28,48,21,69,84,15,22,85,48,89,35,78,57,50,63,45,87,30,32,82,10,27,45,41,27,68,57,65,39,25,80,31,15,26,20,86,66,11,19,31,47,15,20,92,63,43,71,57,47,23,74,80,63,24,99,62,67,69,77,24,92,1,36,94,91,75,48,48,76
36,35,41,71,85,86,66,58,49,6,66,87,89,90,39,23,71,35,60,89,23,1,71,74,89,38,46,32,64,57,99,82,35,28,80,12,0,96,92,67,87,14,21,4,33,59,44,18,84,83,3,90,31,60,29,53,20,56,64,19,34,75,92,34,16,10,90,46,33,52,65,83,52,35,34,1,76,27,43,26,66,88,98,69,62,82,51,10,21,40,66,36,70,96,80,49,52,58,77,45
78,74,49,59,95,51,77,91,2,64,72,53,91,36,83,14,71,47,51,10,96,64,30,20,33,55,46,91,27,48,14,9,5,36,27,36,83,54,35,10,50,4,88,61,78,89,25,55,0,33,55,41,44,33,65,25,75,30,51,98,2,35,92,43,8,23,61,87,76,31,8,77,22,76,68,72,3,6,94,3,70,87,57,19,11,63,24,68,44,64,27,38,14,1,28,88,74,17,56,29
31,21,39,99,1,75,46,78,66,20,63,97,84,80,4,49,47,59,12,91,17,37,52,12,81,25,13,49,57,96,69,40,47,10,44,95,0,67,91,16,54,26,30,94,90,49,63,84,14,52,97,13,84,66,29,48,48,19,26,73,64,80,26,19,14,19,72,34,23,88,22,42,96,91,11,88,47,21,50,11,85,47,66,38,28,85,10,84,9,26,81,92,21,55,22,57,51,26,64,96
72,19,14,63,46,19,85,86,34,71,44,5,8,98,76,5,24,61,13,32,48,78,63,4,33,36,84,85,23,6,38,90,75,23,55,74,86,96,5,80,71,66,2,15,13,51,37,61,18,5,3,9,66,39,25,33,68,35,10,28,20,47,79,49,15,76,88,17,74,93,51,38,28,82,69,58,84,73,47,34,92,4,74,44,71,3,98,83,55,59,66,68,7,50,31,43,8,45,38,40
18,52,10,80,26,71,66,8,91,79,71,51,96,12,64,54,81,67,77,22,81,7,90,52,16,56,96,25,43,45,92,65,75,92,42,63,51,72,63,96,81,16,24,81,44,86,97,22,52,99,19,1,2,60,15,64,61,91,92,47,46,82,73,72,12,38,2,79,54,79,60,94,54,50,82,35,46,28,39,80,91,52,49,19,29,80,49,37,65,27,51,84,21,8,46,14,17,60,71,95
18,95,52,80,88,88,61,96,42,25,9,95,68,8,61,1,66,26,17,7,86,10,9,37,52,67,29,4,92,53,49,44,0,67,96,63,71,6,28,19,52,75,74,34,9,96,26,4,96,65,16,40,96,33,10,75,20,94,49,65,84,68,67,8,68,28,62,67,36,19,0,18,5,25,46,63,59,68,14,73,54,89,43,3,93,77,10,21,91,92,94,89,45,7,94,11,42,92,32,41
82,73,81,25,29,10,62,2,48,5,58,71,77,94,82,8,67,48,13,78,70,66,26,62,28,18,60,97,10,4,40,3,27,48,74,11,57,10,84,16,97,42,65,15,15,63,66,63,32,11,30,14,99,11,38,20,34,25,96,98,96,16,19,34,0,89,97,56,59,34,47,77,30,76,11,69,26,58,1,99,55,12,73,10,43,28,55,10,78,44,58,54,84,24,89,28,74,31,34,11
78,72,28,39,10,53,36,27,6,63,67,88,21,62,79,30,97,13,82,3,63,98,5,45,70,39,55,18,41,0,7,46,29,17,64,42,90,85,0,66,26,17,91,89,5,84,45,13,95,71,67,60,59,79,44,52,99,48,7,54,90,64,73,26,19,29,49,42,8,88,15,86,6,14,10,16,76,8,61,61,47,34,15,23,65,96,37,89,89,58,17,47,7,88,1,6,70,69,93,7
36,64,42,15,29,21,0,31,13,35,65,98,9,55,56,57,17,58,44,1,11,60,58,35,90,62,30,3,36,24,97,95,24,22,42,81,35,68,3,31,85,65,27,62,99,61,97,50,99,30,28,31,61,53,25,37,60,74,53,58,72,12,58,79,95,65,69,47,17,77,27,49,92,13,41,4,23,98,22,25,83,62,99,66,54,59,18,1,28,23,60,69,96,86,43,94,73,89,99,78
37,34,49,21,35,40,44,17,10,12,66,40,60,75,95,2,95,33,4,16,64,41,1,61,91,68,99,72,91,27,75,51,65,30,41,92,7,64,4,33,52,32,30,56,56,37,31,65,47,66,19,71,68,58,18,87,75,27,53,72,86,43,31,40,54,87,7,65,41,15,18,12,99,77,4,20,33,42,54,79,52,16,48,26,49,99,76,47,16,34,8,14,64,64,95,89,76,68,48,20
38,62,55,38,59,53,46,20,14,15,94,74,88,25,95,66,39,26,66,4,88,50,43,33,49,91,56,79,75,73,77,99,58,22,66,33,37,78,20,14,53,70,39,0,32,66,84,76,5,4,16,93,8,45,44,31,46,75,34,99,24,79,96,30,77,43,9,22,10,88,16,53,58,44,97,54,54,2,70,7,75,98,27,39,87,8,94,57,92,76,6,92,61,15,8,88,57,58,77,54
41,95,55,10,64,25,74,57,73,18,38,91,99,23,5,44,58,63,18,53,84,28,4,11,65,46,84,4,74,12,38,74,1,23,64,77,95,54,70,90,65,4,21,66,94,75,40,27,20,29,15,21,17,54,25,45,70,34,79,92,14,71,97,89,75,32,96,75,55,11,19,62,45,90,87,46,65,7,87,33,28,99,7,49,6,83,43,92,89,27,14,99,27,24,3,27,61,4,54,37
88,19,16,36,9,30,4,17,53,30,8,64,9,50,45,95,92,83,32,71,52,44,89,4,2,89,39,27,34,44,2,55,68,21,98,90,35,92,51,35,66,49,38,29,0,85,45,45,68,94,85,33,74,65,4,7,23,82,53,28,75,69,86,63,5,77,89,49,82,24,84,73,89,8,89,77,13,8,77,2,6,67,59,80,76,69,2,30,23,3,85,19,52,77,86,38,19,75,55,22
96,1,93,71,68,10,71,40,73,40,26,29,54,70,60,22,54,79,24,64,28,6,82,73,67,83,2,48,70,76,83,76,79,49,84,84,3,92,99,7,88,87,48,35,82,29,31,81,43,0,98,63,16,44,17,85,53,61,18,63,83,36,60,63,24,24,56,21,18,7,5,19,3,74,40,2,41,34,42,42,49,31,36,82,53,42,14,45,96,5,17,96,79,1,7,93,55,63,12,73
12,11,54,16,24,8,46,28,81,51,15,45,76,13,35,72,85,81,27,21,62,34,88,82,54,46,50,19,91,27,84,30,7,78,80,77,91,17,68,65,4,19,36,93,83,19,11,37,15,55,2,50,23,98,18,68,95,87,39,88,0,76,92,74,86,62,93,20,63,73,4,47,4,16,32,79,40,77,59,56,69,20,11,3,34,37,87,7,81,30,62,79,22,6,51,68,80,57,67,52
4,73,75,60,58,39,31,96,25,56,46,58,75,50,98,99,97,92,15,4,97,88,75,39,50,89,13,24,61,70,42,68,4,50,40,78,94,16,15,49,37,53,35,92,3,35,39,69,61,43,44,35,46,69,57,86,25,25,5,55,39,40,45,18,54,91,30,33,39,95,89,81,68,60,9,77,84,42,40,52,86,76,55,77,38,68,32,20,64,67,52,16,94,74,91,24,0,30,59,65
84,4,41,34,76,22,51,99,5,17,50,44,37,34,2,29,26,55,65,62,49,99,94,47,47,9,8,26,71,1,34,15,7,99,50,35,37,98,85,84,74,32,10,50,73,18,1,2,0,92,65,93,65,46,16,44,8,55,67,41,43,42,5,30,66,58,18,51,7,22,93,74,34,20,89,7,27,57,1,88,29,10,64,41,99,43,64,28,10,46,0,50,1,66,32,94,32,94,86,51
50,21,70,78,61,31,88,34,25,86,20,91,86,52,79,90,28,40,14,69,44,22,1,64,10,71,49,9,30,95,38,15,4,86,94,16,46,58,70,98,38,87,21,85,60,90,64,37,60,29,48,76,24,50,1,37,84,10,23,93,51,77,56,87,83,25,36,4,3,18,73,65,31,83,77,18,74,14,40,82,36,14,48,24,38,49,49,33,19,7,96,12,65,13,50,89,94,46,90,4
70,5,35,73,67,75,50,80,23,10,1,16,71,26,87,34,57,37,8,97,28,59,41,27,3,55,33,92,0,52,13,27,86,50,76,16,73,38,75,63,84,61,50,53,83,36,60,81,88,74,91,40,14,94,73,48,77,8,74,19,41,12,54,54,10,19,2,52,6,44,70,66,77,92,22,89,68,88,67,39,35,70,7,29,94,35,77,12,43,43,79,80,10,95,1,69,67,25,45,23
79,2,99,49,10,81,64,11,33,9,23,92,52,59,70,97,61,18,91,41,26,13,68,20,55,27,14,61,72,68,95,15,87,14,60,48,3,10,93,3,68,44,89,98,67,80,96,38,55,23,30,66,20,60,62,99,79,45,80,15,33,91,7,30,81,0,72,3,14,94,41,91,34,14,8,76,23,38,9,2,50,76,90,21,24,17,24,24,11,16,37,30,26,66,68,49,57,52,62,68
34,8,91,84,90,86,65,0,7,69,89,72,89,27,48,57,91,11,26,99,43,86,2,96,69,36,22,51,2,81,22,76,46,47,35,21,52,23,32,24,22,60,28,10,72,55,6,84,64,55,77,51,69,99,72,22,68,83,94,56,53,28,81,81,48,24,28,57,27,48,55,9,86,91,70,44,4,21,98,62,20,84,99,77,91,77,2,84,46,43,4,72,89,12,73,56,6,23,29,21
1,14,42,14,33,66,87,81,83,28,43,58,22,31,75,74,34,44,44,16,55,21,66,98,6,86,35,50,39,0,52,78,83,47,11,15,31,45,89,24,15,89,68,38,58,65,44,83,17,42,47,15,62,44,95,66,21,53,39,15,83,10,60,8,53,59,65,47,29,76,49,63,51,98,43,95,34,32,45,33,3,73,89,91,25,72,91,70,39,39,78,30,69,89,47,61,31,37,40,59
58,77,18,13,76,86,3,48,74,80,31,84,70,54,57,68,92,32,81,80,91,72,98,10,24,64,79,53,84,69,12,77,97,73,13,46,78,63,38,40,52,45,74,57,45,15,41,23,48,53,26,1,77,79,44,33,20,77,29,48,6,84,57,4,9,24,16,66,35,26,27,10,1,89,40,1,17,42,59,10,68,2,56,39,12,38,76,42,56,83,67,42,73,34,38,75,0,21,27,60
46,89,80,36,86,47,2,8,51,43,31,94,73,40,61,91,15,15,73,92,52,15,76,74,73,45,11,54,11,61,9,53,97,1,78,22,46,70,85,35,91,5,44,73,23,46,59,49,52,18,35,37,40,64,29,24,66,47,50,53,67,95,93,1,39,73,72,71,97,60,9,3,21,66,58,15,21,58,86,45,5,55,90,42,45,49,29,35,0,45,88,50,54,3,12,19,41,98,45,67
29,80,16,97,32,3,84,2,29,45,22,94,35,31,5,10,86,20,6,82,37,6,48,28,18,11,50,57,55,99,63,68,1,57,23,37,39,75,43,19,52,40,24,80,1,24,66,51,22,52,87,75,62,51,88,89,3,90,31,28,19,25,86,26,69,1,1,76,51,52,65,2,20,30,23,51,30,32,23,15,1,73,81,79,86,38,94,17,19,97,35,58,15,45,79,47,85,72,8,24
98,46,44,46,47,24,85,86,14,62,71,54,73,7,40,89,43,97,65,19,98,70,56,79,3,71,50,59,74,10,63,14,42,85,26,30,15,85,86,35,41,38,26,71,31,65,26,79,84,27,54,38,43,67,73,13,97,91,72,3,53,42,56,83,59,55,44,65,86,49,4,29,58,59,64,89,38,98,18,85,27,1,65,4,80,71,66,56,98,52,21,54,21,50,6,96,44,82,95,68
94,92,50,56,91,68,90,40,90,10,92,33,65,55,57,66,85,62,77,58,93,9,21,31,6,35,56,8,6,55,48,59,92,85,83,81,95,4,96,82,4,17,16,85,95,33,30,77,25,70,59,44,18,52,56,46,55,85,16,14,31,8,18,92,30,7,81,47,88,97,79,66,57,37,27,25,9,48,41,45,7,7,17,69,81,92,63,2,62,58,4,50,32,18,19,63,31,53,64,50
36,10,42,76,88,77,46,70,92,29,27,64,95,25,46,10,7,29,53,81,51,99,35,61,82,11,0,8,95,19,37,25,0,44,17,20,24,57,14,96,36,62,5,42,65,91,5,77,45,65,57,3,16,73,91,63,57,85,21,16,97,13,6,5,47,50,6,36,41,80,60,44,87,39,24,39,99,81,61,6,61,43,71,52,74,18,6,26,96,98,94,43,63,12,45,5,51,3,2,74
82,87,34,17,62,45,60,93,7,51,59,94,45,89,83,97,32,28,15,42,63,87,41,28,42,88,66,10,18,90,60,14,14,62,2,10,32,5,64,83,4,93,3,72,85,4,37,53,77,58,75,22,90,78,25,38,59,61,31,21,56,80,21,74,76,0,26,80,64,16,26,84,96,46,56,99,24,44,75,54,59,40,71,56,53,70,20,45,24,75,23,77,6,68,64,95,50,88,19,88
35,72,11,63,46,91,11,85,0,90,96,22,70,66,27,93,3,51,71,6,1,92,63,23,5,76,18,98,69,74,20,44,61,43,66,67,92,14,83,84,68,4,23,68,53,12,66,55,64,48,28,46,90,92,26,35,56,43,43,71,35,76,8,24,77,14,59,10,90,11,49,29,47,60,52,85,73,91,63,75,90,33,48,90,47,70,50,36,0,22,96,97,25,26,24,25,85,9,19,93
27,20,54,17,61,34,81,4,42,7,8,44,80,57,25,49,32,70,30,1,19,13,98,41,61,33,61,78,90,99,69,51,51,43,16,42,91,62,5,5,59,48,60,84,5,19,52,84,14,27,69,16,64,38,57,62,32,96,48,87,41,36,23,89,67,24,43,48,79,42,69,30,72,52,20,60,74,40,21,25,20,21,66,27,64,20,85,56,15,79,30,36,91,46,67,31,22,58,28,33
55,53,81,21,56,36,62,75,5,46,98,63,86,1,48,99,53,16,19,51,60,39,30,33,36,38,24,55,35,83,87,21,62,4,12,95,52,75,21,21,70,76,96,9,43,15,56,51,7,60,95,28,8,85,66,21,38,20,65,34,28,10,92,80,77,31,23,9,61,46,36,69,28,14,97,42,88,66,75,39,49,70,86,73,90,31,65,81,35,60,28,63,21,21,96,55,13,75,5,60
87,3,8,75,16,70,44,19,38,36,67,96,27,72,32,95,7,95,73,61,80,89,65,27,69,61,65,40,3,33,44,52,18,1,32,67,34,73,55,73,24,49,98,85,48,70,87,92,29,16,11,7,18,51,93,82,84,81,69,11,92,72,7,30,19,88,94,3,70,89,91,0,51,82,18,85,71,21,80,30,8,67,58,33,73,17,33,52,92,41,48,78,56,50,93,89,13,69,69,7
62,35,53,39,67,11,50,32,63,24,55,14,18,45,98,26,51,86,18,3,66,62,16,54,52,1,83,63,20,99,94,59,80,69,79,75,42,43,7,42,59,15,24,74,4,24,54,10,63,87,97,57,51,79,99,14,29,47,41,91,67,86,5,94,29,55,70,16,54,19,81,67,44,69,41,6,36,9,1,49,7,57,69,98,6,88,37,76,8,65,80,67,61,29,84,30,73,69,47,67
72,40,54,62,58,15,73,82,86,39,19,72,18,28,88,76,53,61,29,36,52,50,88,68,83,70,17,88,40,6,44,61,75,88,8,61,51,50,90,35,87,50,85,16,74,61,99,14,61,97,50,65,90,11,97,67,45,77,72,24,24,43,85,55,65,22,41,79,57,50,54,16,73,71,93,76,26,58,77,89,95,50,63,28,60,9,60,63,34,84,18,67,40,81,60,10,68,83,95,62
51,37,14,65,42,7,16,88,47,81,12,94,79,14,6,78,87,61,45,57,80,41,91,36,50,95,43,77,33,86,48,23,63,27,72,5,76,46,94,42,14,43,0,19,48,6,18,59,91,50,32,56,33,31,5,20,62,51,74,64,61,53,73,93,41,21,22,45,23,76,45,99,72,40,47,68,29,15,63,33,88,41,43,83,84,22,5,5,77,29,3,64,78,84,0,3,49,85,57,55
22,66,24,55,13,21,90,92,37,95,93,47,94,83,81,12,48,44,54,59,11,7,67,55,32,13,39,14,14,34,45,27,12,61,39,91,50,20,92,38,5,33,24,87,60,75,77,94,87,63,37,44,66,9,60,17,32,75,7,61,53,64,69,6,16,7,99,99,77,75,99,76,64,42,5,88,22,13,5,19,36,60,47,53,73,16,37,31,68,23,3,37,87,78,42,14,60,80,53,27
62,49,18,44,19,20,66,24,23,73,22,19,40,33,28,25,52,74,77,94,86,53,64,95,52,51,66,23,65,31,11,69,90,27,35,86,79,70,67,81,46,74,33,85,16,10,14,5,81,50,46,42,47,13,26,84,37,16,57,35,27,97,55,99,62,49,31,36,45,24,83,45,13,70,19,90,35,3,22,96,46,98,56,5,12,42,61,44,91,54,47,95,80,75,13,63,2,37,97,10
95,67,69,86,86,84,78,68,47,98,34,33,56,78,13,62,51,50,70,56,32,8,74,52,98,8,97,28,52,74,52,47,89,50,0,72,97,79,56,34,88,11,27,62,0,3,59,81,21,86,79,6,3,95,45,95,45,34,47,27,35,77,0,86,92,56,64,37,30,70,98,48,66,24,16,11,75,42,76,94,47,76,43,74,83,97,26,62,96,8,54,62,73,98,56,13,87,68,67,81
14,35,53,22,3,55,48,75,24,8,70,7,76,4,65,21,66,0,61,76,48,94,6,14,10,80,86,86,45,94,99,0,85,44,51,69,59,65,68,39,9,71,36,89,4,53,56,27,69,19,16,66,60,9,70,47,9,94,5,80,11,29,60,36,36,71,42,8,84,15,91,62,6,57,64,62,62,32,4,43,61,1,12,81,26,34,73,9,19,70,74,58,16,57,67,34,92,77,50,77
83,13,66,83,81,18,31,7,20,91,21,82,86,15,79,39,15,81,12,9,94,50,3,44,65,99,98,49,81,32,48,69,3,36,39,53,43,26,39,16,21,51,70,79,11,91,90,26,74,8,56,44,44,55,73,17,98,56,21,50,72,28,39,80,79,8,25,99,57,48,30,23,13,64,85,56,25,1,82,28,32,8,42,28,38,54,50,97,30,50,75,47,9,80,78,64,57,78,69,54
66,94,0,19,34,48,62,11,50,41,47,50,88,82,39,19,4,20,98,83,5,36,61,73,10,23,2,29,2,50,88,73,19,30,31,29,3,2,3,64,70,80,95,34,66,1,95,59,93,11,73,9,15,79,31,13,35,26,33,9,72,94,33,9,22,41,44,49,5,84,13,19,90,96,83,54,32,53,51,77,51,54,56,72,79,62,74,80,51,94,32,40,29,4,79,3,65,29,22,61
36,71,53,6,26,69,94,85,47,89,34,45,71,16,26,59,96,77,93,2,34,19,11,76,97,50,85,51,89,58,94,1,42,46,40,70,80,74,96,35,73,36,84,55,34,74,62,33,6,54,10,35,63,70,80,1,46,68,26,98,42,75,74,28,79,16,47,83,47,41,65,85,19,63,48,40,59,63,21,68,96,0,22,55,88,80,68,39,24,16,26,44,70,61,67,42,22,22,28,2
88,58,32,1,67,52,48,96,14,98,24,5,48,65,99,57,30,23,95,59,39,76,2,27,98,47,41,93,30,56,94,84,93,6,27,77,19,14,41,97,60,53,21,78,34,73,97,28,95,82,3,3,92,95,15,58,40,52,64,5,35,74,82,14,30,24,34,84,19,92,73,41,45,19,37,48,38,84,8,30,48,91,13,21,88,13,67,67,80,51,80,3,13,10,11,46,25,50,4,65
26,6,95,87,87,67,98,45,52,85,31,65,36,69,81,63,27,31,63,78,73,46,45,15,77,20,79,32,28,8,69,93,56,6,42,69,93,81,42,46,98,22,25,90,94,65,57,32,6,49,7,30,1,53,51,34,8,87,15,2,58,9,11,5,73,63,32,57,58,14,40,39,25,1,38,46,48,8,42,59,67,10,88,66,37,30,68,10,69,58,94,72,56,28,71,36,9,94,84,17
6,80,59,85,60,32,78,90,29,1,45,98,77,95,35,17,43,10,28,19,88,21,26,28,93,20,37,89,86,75,59,42,95,55,94,98,71,41,87,4,99,71,79,98,54,8,78,57,13,93,36,87,66,28,47,67,1,66,51,81,40,53,99,33,91,59,73,61,61,97,91,61,54,1,9,1,4,66,39,49,68,13,76,33,79,18,74,63,4,28,77,40,76,12,95,55,81,91,52,61
6,67,19,29,52,5,65,91,99,27,8,22,63,67,97,42,95,79,47,58,33,20,75,81,70,99,24,53,94,94,37,69,88,8,27,75,64,57,81,18,30,40,5,81,90,25,55,58,25,29,0,47,71,0,10,34,33,53,84,95,60,34,84,95,76,65,36,94,56,93,0,17,52,24,39,34,63,81,49,72,82,0,31,74,81,70,29,33,84,70,75,7,33,9,64,17,67,33,48,72
29,73,89,63,7,96,9,99,77,55,34,79,93,3,35,63,45,12,13,60,8,74,70,99,63,75,1,68,24,50,4,31,36,78,65,59,63,13,88,31,18,46,14,9,93,93,93,50,75,73,11,48,75,17,47,95,20,98,92,66,53,34,42,90,19,91,70,33,51,7,81,0,86,40,43,18,8,1,47,91,31,38,89,55,71,21,80,26,72,44,58,5,63,45,30,47,17,21,8,53
82,86,2,38,14,99,97,49,45,92,23,26,22,47,46,45,8,4,96,90,79,14,65,45,36,86,21,95,90,33,72,3,31,5,60,97,81,2,37,96,69,65,31,16,84,73,18,41,44,54,56,79,80,56,4,54,44,90,93,97,46,25,31,28,68,83,84,51,46,1,78,94,86,27,9,30,51,96,71,93,70,60,16,82,72,89,90,3,89,27,46,54,69,39,85,81,42,15,79,50
62,11,40,30,99,87,51,60,49,1,27,33,40,64,64,0,70,43,33,68,32,50,71,24,42,29,49,11,69,16,69,39,23,79,26,81,96,65,35,61,70,90,19,22,7,20,57,84,86,97,90,32,10,94,76,67,38,47,2,41,53,40,36,98,73,86,37,13,71,56,69,75,30,99,73,28,11,2,90,60,73,82,42,98,85,98,15,74,57,31,15,12,25,11,12,72,17,78,56,50
31,1,43,73,84,94,85,6,49,63,8,19,24,40,96,44,32,31,20,60,84,40,14,67,50,31,89,31,53,88,35,58,10,89,97,28,50,90,92,59,32,98,75,81,36,5,24,16,29,76,90,42,19,4,19,87,52,74,89,44,26,41,13,15,74,98,8,70,41,49,25,69,65,4,91,16,99,35,20,68,77,15,5,7,66,5,82,77,1,65,24,36,82,85,88,44,27,58,85,84
26,17,67,70,44,31,91,60,17,36,86,75,82,45,91,15,5,46,67,9,25,77,14,84,99,37,9,31,59,59,18,89,42,1,65,45,93,21,83,22,4,89,13,62,91,15,97,20,23,92,10,85,29,1,53,65,93,93,5,1,75,89,74,44,36,16,39,13,61,32,9,68,47,24,42,90,5,13,76,56,71,5,25,34,50,37,40,49,61,97,13,12,4,68,35,91,23,40,5,0
89,87,46,99,92,94,89,87,14,77,31,46,4,79,74,20,13,70,54,57,35,26,86,81,64,9,80,10,6,76,36,94,0,23,6,28,63,82,29,59,48,71,97,25,46,83,79,46,92,14,62,41,98,81,38,60,1,1,72,76,14,64,21,20,41,10,90,60,31,68,97,36,32,14,36,16,28,92,30,11,8,82,56,76,11,33,88,11,47,79,64,13,29,27,92,29,98,86,14,12
50,72,64,32,30,43,19,79,36,91,84,23,29,30,57,64,25,98,19,14,46,41,56,12,50,43,68,90,48,9,5,55,73,39,65,66,21,26,93,30,70,18,89,54,91,94,54,10,37,52,37,97,16,90,43,6,30,59,30,70,22,46,51,16,81,79,87,29,74,56,98,58,0,13,93,72,95,31,7,9,60,29,22,16,84,11,14,10,4,53,56,54,74,82,69,91,63,20,12,87
49,65,7,74,56,1,99,50,19,19,79,15,54,27,96,28,78,10,58,24,31,47,33,98,36,57,73,45,77,24,22,5,5,88,49,25,16,80,8,22,29,56,17,63,3,9,52,68,80,47,29,15,99,41,78,20,29,51,90,59,13,74,61,74,36,0,67,62,49,78,46,36,18,10,94,82,43,90,12,48,6,52,32,26,57,35,15,10,3,12,36,42,92,3,48,45,10,7,77,0
22,34,45,42,38,80,59,23,1,14,11,16,73,42,35,41,30,59,13,10,9,98,70,92,3,4,95,31,78,69,53,26,74,80,2,22,28,49,2,3,43,21,68,45,41,46,71,58,91,10,95,4,93,55,95,70,58,50,23,30,45,43,14,86,38,44,86,19,33,68,7,55,10,39,47,8,53,4,97,93,89,12,90,81,26,2,90,14,23,18,12,76,10,75,89,86,73,40,9,11
89,6,79,36,63,71,81,12,16,96,19,38,87,0,92,78,46,38,4,97,51,89,15,62,49,41,19,54,96,29,45,85,78,76,22,11,67,63,49,41,15,11,42,63,17,78,81,24,60,79,0,67,97,62,36,48,58,11,59,91,33,41,27,87,60,5,19,87,17,49,31,3,99,82,92,3,74,91,94,70,93,87,5,57,39,22,62,29,45,52,85,42,55,53,26,24,87,25,76,42
85,50,82,81,51,45,70,52,80,47,75,57,67,16,17,34,46,68,76,97,33,86,30,9,54,95,84,29,92,95,51,68,23,74,80,35,85,98,55,17,59,14,78,60,51,14,50,86,38,75,10,45,46,13,36,88,45,25,21,19,20,18,23,50,74,35,59,46,14,85,65,40,16,82,13,52,33,6,50,18,42,48,38,60,53,30,43,20,32,2,35,23,1,39,15,63,89,3,52,10
12,88,53,85,97,25,55,23,43,88,36,65,37,32,62,0,74,95,4,80,70,11,22,58,40,73,4,8,51,61,76,14,92,26,36,46,29,26,10,72,90,68,49,8,61,29,60,29,84,86,47,15,44,29,45,53,26,96,37,81,41,48,52,67,8,3,98,62,53,74,13,19,80,10,36,90,75,69,41,55,93,15,15,37,53,19,65,93,32,18,21,16,33,60,92,53,33,48,18,86
71,40,53,3,18,40,28,31,79,41,61,13,71,87,58,2,68,63,72,40,61,42,13,10,97,46,23,6,74,5,16,95,16,23,73,1,2,3,38,25,51,66,40,27,74,91,12,23,92,69,91,86,20,28,28,19,47,12,98,84,73,62,71,96,15,11,6,24,98,33,84,5,49,94,57,23,53,23,11,20,89,1,97,45,84,13,60,76,58,45,7,88,38,44,78,81,18,2,26,43
83,18,48,15,80,76,74,69,34,75,70,7,85,97,24,56,92,62,81,1,25,41,43,20,15,60,70,94,70,48,31,54,86,50,99,93,54,78,39,24,28,63,28,37,99,32,48,53,39,82,46,97,76,86,49,14,19,10,41,7,16,79,11,75,0,42,30,57,33,47,49,50,13,29,86,87,56,78,70,98,19,10,36,71,72,92,40,75,73,11,79,33,87,40,31,91,36,86,24,1
25,97,63,91,37,76,80,1,31,55,61,19,40,18,89,50,64,17,9,88,71,17,62,70,27,8,32,20,18,38,96,10,47,79,97,15,35,80,92,47,58,97,84,69,24,80,65,37,84,87,89,51,74,3,41,27,84,25,56,15,41,61,26,26,75,3,83,97,11,56,81,70,38,12,10,16,68,3,51,77,89,64,43,23,21,69,83,65,30,99,11,96,81,38,31,41,70,67,35,60
41,12,82,38,58,32,3,44,19,47,36,2,75,1,3,78,57,1,95,51,73,4,56,63,54,27,38,31,74,1,48,15,68,67,10,50,66,5,66,22,73,10,22,81,53,38,65,39,73,23,79,44,1,76,47,2,14,27,12,93,27,70,73,28,91,99,41,3,51,22,48,33,35,56,34,24,49,89,56,13,16,39,49,1,19,66,0,74,89,13,23,66,75,62,39,6,51,46,8,52
23,37,68,2,22,40,3,83,28,69,30,55,73,93,43,32,97,92,33,70,37,60,99,10,34,84,83,60,68,56,33,35,20,91,9,65,2,37,89,10,91,8,68,46,21,8,8,19,37,83,39,14,51,69,30,78,1,93,72,86,19,25,31,3,24,9,40,94,95,20,18,4,51,56,84,42,71,21,10,84,33,95,1,84,5,67,95,10,4,54,38,74,43,65,28,89,19,89,29,74
