60,31,29,56,2,30,84,48,75,27,55,85,89,25,61,7,54,97,93,53,29,62,22,28,65,12,1,40,41,11,75,95,88,92,26,40,60,82,82,8,41,29,73,20,73,0,91,38,6,66,11,76,55,85,77,52,14,0,65,9,45,11,9,38,93,28,6,24,43,93,98,80,56,99,96,21,63,53,85,28,91,4,45,42,48,20,93,47,0,55,63,38,23,90,46,28,46,14,48,54
8,59,33,61,8,99,5,36,24,87,63,28,55,65,23,96,65,75,39,58,11,11,56,30,15,14,45,14,76,77,46,42,49,96,36,63,62,37,54,26,64,81,55,79,51,16,29,63,55,92,18,46,23,61,35,31,89,39,56,9,88,52,63,64,60,76,35,75,93,90,16,78,61,42,13,80,60,79,67,40,10,48,32,58,85,29,49,31,26,51,20,0,27,79,32,44,30,58,10,92
59,87,27,11,44,29,74,23,89,73,14,44,62,31,4,28,56,92,79,37,48,63,74,48,42,39,98,92,64,29,57,69,7,3,10,62,83,94,72,46,30,15,29,13,30,20,34,43,92,94,32,3,33,33,66,68,59,80,41,91,86,90,8,53,8,16,25,14,63,81,10,6,50,47,22,18,93,31,52,40,3,65,86,76,92,23,93,58,64,35,91,65,73,69,9,7,53,76,32,36
7,58,3,38,80,44,18,29,70,91,78,62,15,8,66,91,80,63,80,79,39,65,14,97,96,8,9,10,69,31,73,64,50,74,17,32,72,6,41,60,17,26,63,66,8,78,65,64,18,28,57,96,79,68,55,35,94,17,60,68,43,7,97,85,0,62,48,90,60,54,95,58,59,47,77,82,55,93,25,69,94,66,7,58,39,72,91,36,86,87,61,21,57,97,65,87,15,72,47,1
2,56,53,90,13,86,50,43,0,99,53,47,68,2,92,2,31,96,37,97,33,83,2,59,62,70,17,9,99,41,62,90,3,89,15,4,68,62,41,96,26,72,49,72,2,45,83,5,5,42,12,97,83,72,89,52,77,63,64,33,40,24,64,96,42,3,7,73,68,22,0,25,41,83,34,12,91,7,14,34,11,77,16,85,9,27,26,43,60,71,76,78,15,27,88,14,86,69,30,74
70,74,58,11,20,14,2,83,38,66,82,1,54,72,27,52,88,44,23,49,48,86,21,82,69,18,64,95,86,70,73,87,37,23,36,5,5,72,61,95,18,91,19,61,20,14,34,76,80,9,45,0,17,18,38,98,54,3,36,93,65,83,32,75,37,91,62,97,19,81,28,9,69,16,9,90,15,3,79,81,70,10,38,69,48,21,63,3,7,48,31,45,25,34,37,88,72,41,20,82
93,53,84,69,86,46,26,2,33,92,41,30,32,37,19,8,6,40,22,93,68,80,21,90,40,60,66,82,32,89,32,1,91,77,91,93,22,73,83,70,42,96,61,97,69,34,24,94,95,57,50,63,23,57,10,97,11,60,19,78,44,85,50,65,50,36,87,64,54,51,57,78,33,42,53,33,67,60,73,65,87,7,60,81,83,12,43,65,59,64,44,18,86,56,75,35,31,44,85,13
8,71,34,87,78,56,86,21,26,76,42,17,35,5,34,61,90,58,13,72,66,79,24,39,89,48,94,3,21,85,63,95,27,60,33,79,7,82,70,33,14,12,49,70,92,88,65,54,25,24,79,96,85,76,2,85,79,7,71,49,15,7,89,50,20,60,62,61,8,58,72,34,65,55,69,99,4,60,78,68,89,21,69,11,6,68,90,77,10,39,69,91,25,14,43,61,75,53,50,89
8,95,91,35,31,57,78,15,70,50,89,4,30,28,96,75,16,81,40,77,93,79,63,99,95,4,4,63,75,46,95,33,49,36,27,52,2,28,1,62,13,57,26,15,56,90,7,60,93,51,85,23,54,18,38,91,13,84,51,4,52,22,87,49,41,84,50,98,11,78,19,99,79,61,56,16,99,92,62,9,49,9,59,85,68,57,90,68,8,31,32,39,54,13,3,88,78,38,53,43
18,24,17,41,39,26,9,51,56,45,83,40,26,21,60,85,16,21,53,20,2,90,52,72,73,34,52,28,0,98,65,0,78,70,59,12,5,25,81,89,93,76,54,68,22,52,41,21,41,74,80,38,22,54,22,81,6,46,9,40,70,71,90,89,63,42,60,83,66,46,27,64,13,39,55,63,93,63,39,70,13,83,82,78,66,99,51,57,63,6,26,34,17,98,74,10,78,47,57,24
70,40,28,16,18,72,18,46,39,55,68,41,36,99,55,76,58,11,9,48,41,79,43,47,85,91,28,95,62,46,25,89,88,23,41,34,78,61,79,76,28,4,7,42,45,14,21,3,92,21,25,39,91,12,85,54,99,13,61,58,76,9,1,48,88,36,95,99,88,59,29,77,31,79,65,23,49,29,16,65,16,63,32,57,90,56,21,26,44,29,44,49,22,13,70,42,80,53,15,93
36,66,43,14,42,55,56,97,39,19,90,35,98,46,24,81,96,40,46,83,95,32,83,61,95,41,10,46,87,30,6,53,58,22,38,71,90,6,23,94,18,48,37,59,20,83,2,1,73,58,25,19,84,89,6,76,36,81,76,85,28,89,67,10,45,22,86,73,0,14,22,93,69,21,90,50,56,23,41,88,55,27,47,2,83,48,62,99,91,71,93,59,33,33,89,7,68,58,63,76
31,59,6,25,88,25,18,13,38,78,92,26,29,8,93,97,56,32,90,62,73,68,56,20,40,67,88,97,11,31,1,67,54,91,13,1,62,2,67,12,45,89,74,21,76,7,9,96,45,18,97,44,17,7,23,39,22,49,99,67,2,85,72,96,87,55,47,59,42,59,91,29,24,99,42,66,80,60,24,73,58,7,44,63,74,66,26,97,39,44,4,28,11,13,39,50,56,36,22,27
31,55,5,35,9,52,39,50,88,98,72,8,26,40,23,88,51,98,59,24,88,99,6,3,25,58,97,49,58,70,31,16,92,22,31,63,43,14,34,10,92,8,30,36,5,48,90,92,5,66,22,43,73,91,66,87,83,73,72,38,80,85,41,83,56,5,12,55,62,18,49,74,39,76,31,10,47,34,18,61,42,54,14,41,52,75,91,74,22,95,98,38,70,90,41,64,17,28,82,42
61,85,31,31,36,5,39,19,96,53,63,56,31,52,90,28,54,99,13,36,18,7,33,18,53,9,36,58,4,26,40,87,19,66,35,18,0,80,34,39,9,21,13,39,80,26,39,79,93,1,40,17,63,65,75,91,66,80,50,45,72,68,8,68,36,12,90,42,74,19,68,87,55,37,72,37,55,83,57,45,56,80,21,3,58,18,11,2,87,45,38,30,67,38,45,50,15,65,20,59
60,25,79,64,20,25,16,46,79,46,92,22,97,16,73,54,68,37,27,27,12,77,0,43,45,2,46,87,30,36,79,60,0,62,54,89,51,10,37,5,24,59,74,89,98,55,12,60,53,42,7,88,4,11,49,41,30,35,28,71,4,22,93,6,79,94,95,82,52,36,32,57,4,53,22,26,9,54,16,79,14,5,18,1,72,26,28,65,27,73,63,99,87,84,90,99,99,90,13,84
14,52,36,16,90,70,9,92,20,30,67,53,81,22,12,22,85,31,82,19,78,73,91,98,55,62,57,64,95,0,9,88,75,86,47,71,8,4,3,37,64,90,73,74,76,95,67,40,87,84,69,84,13,38,9,70,63,51,14,0,70,99,9,66,74,76,7,67,5,46,44,32,23,1,58,24,45,62,55,63,64,80,30,13,5,32,46,38,31,37,31,49,77,28,46,20,31,32,54,47
32,93,91,58,54,48,71,51,25,72,53,69,2,14,73,34,22,45,61,13,94,83,91,39,76,89,4,74,35,94,18,85,60,51,75,55,77,74,74,56,34,59,99,55,36,25,1,76,37,17,87,83,24,99,5,18,73,45,59,47,80,51,95,69,71,80,9,77,81,41,51,7,5,58,96,9,37,56,47,95,87,12,82,87,1,13,90,62,83,36,97,9,21,69,32,23,34,55,95,81
72,65,38,7,88,84,52,14,32,70,91,82,15,94,17,25,22,96,31,53,80,98,25,62,91,80,49,11,27,84,44,97,44,13,67,2,73,63,87,29,24,97,81,84,88,94,56,81,90,4,25,48,81,41,76,87,43,15,46,54,8,93,15,41,95,68,82,82,5,32,91,98,47,6,90,10,54,49,48,98,26,28,62,76,72,32,89,11,3,31,6,73,90,85,69,3,94,70,65,99
64,6,82,14,97,59,87,57,25,45,17,66,5,52,73,57,63,76,33,28,64,77,95,21,20,5,9,88,87,43,91,7,31,77,74,28,51,33,2,72,4,74,85,16,36,0,79,81,69,71,7,36,91,36,51,66,82,81,70,59,22,11,41,34,56,20,96,8,73,49,19,51,2,57,10,9,82,33,6,31,60,0,83,89,79,20,58,69,24,76,42,39,66,35,39,89,11,85,60,39
6,44,33,13,63,80,9,69,35,15,25,38,44,72,75,64,63,10,50,58,33,77,24,14,92,20,3,54,57,39,56,34,99,97,36,23,43,74,32,34,7,70,54,70,9,49,89,88,78,75,7,82,70,50,62,74,67,45,93,84,32,2,27,54,10,51,26,21,76,55,75,5,59,26,17,54,95,59,84,72,87,47,64,55,72,31,89,41,49,12,70,29,27,28,18,84,37,79,59,79
31,50,11,64,25,17,65,35,45,14,98,81,76,98,71,8,70,32,64,88,16,41,44,12,75,49,78,43,37,2,31,17,94,39,53,76,0,65,14,66,66,30,3,66,93,44,63,7,85,4,25,11,86,45,48,86,44,65,37,76,62,61,29,26,8,26,32,41,44,32,85,69,63,99,60,58,85,22,21,20,43,80,89,59,37,83,72,10,11,13,12,9,93,93,36,74,53,59,83,33
83,12,35,93,39,51,97,96,70,92,41,45,23,20,18,18,56,60,67,10,31,36,91,96,36,81,12,11,84,44,62,53,41,18,42,14,0,56,95,71,89,6,69,84,79,46,58,93,13,38,98,66,12,45,21,7,34,56,2,25,82,75,10,21,17,80,93,19,52,12,97,71,7,47,17,0,97,93,92,7,37,39,58,71,38,27,13,81,81,63,75,89,7,76,25,73,58,48,33,82
20,15,80,71,34,79,39,38,35,18,58,9,67,65,0,85,23,19,57,61,40,67,83,7,59,25,96,27,52,95,66,62,41,62,17,43,31,79,11,66,58,27,78,2,55,7,16,32,90,64,83,8,40,67,1,57,60,72,27,52,48,32,85,77,33,25,18,6,32,48,37,65,72,72,66,15,6,67,0,40,48,64,58,61,0,37,99,5,73,84,33,11,64,71,50,89,69,52,81,39
29,24,18,93,84,94,1,19,38,78,87,6,30,73,91,32,62,32,90,2,72,61,97,70,26,16,21,7,98,28,36,87,87,27,70,81,65,10,90,56,97,58,38,49,44,82,48,14,91,90,82,65,36,71,12,70,92,6,53,70,79,9,55,57,81,73,52,58,12,35,84,28,73,54,23,73,60,58,65,34,89,65,38,56,84,64,35,60,13,6,1,76,75,75,63,38,26,70,93,96
14,23,27,24,67,1,92,80,27,68,65,69,3,49,44,23,14,34,73,52,2,60,35,53,49,3,58,71,10,26,1,93,12,86,8,63,74,92,35,56,78,99,75,7,81,4,18,9,30,93,16,36,81,18,21,13,70,7,59,27,12,18,86,82,93,8,58,92,49,38,32,69,31,59,62,83,77,89,67,44,96,86,68,94,83,4,30,51,49,65,16,4,75,74,36,17,54,78,67,12
75,34,39,70,86,87,54,62,12,68,72,99,60,43,37,37,82,35,31,69,77,42,7,43,38,71,98,42,21,17,99,35,65,35,80,70,14,33,16,50,62,86,44,63,55,89,98,3,54,42,79,6,32,73,50,25,45,88,97,68,99,95,4,23,38,21,83,19,43,51,94,9,85,73,73,69,14,60,49,17,49,10,99,47,12,52,92,40,15,36,81,8,42,52,34,17,22,68,75,36
71,17,62,56,22,95,45,41,71,39,29,51,43,6,84,68,43,17,33,16,1,39,19,39,52,63,20,70,48,79,63,94,61,84,17,20,60,46,80,25,53,56,94,57,36,23,92,33,69,95,2,71,69,2,9,51,58,78,32,72,90,80,71,33,83,89,2,83,75,31,17,60,31,75,15,25,72,53,88,71,6,9,32,10,82,45,8,74,52,19,76,41,57,1,12,13,86,61,77,44
21,88,48,73,32,61,45,46,2,4,98,1,9,39,52,37,48,68,21,89,0,84,71,7,20,43,10,53,65,9,23,36,74,95,75,87,21,54,52,36,96,73,28,57,2,64,22,47,92,69,19,48,2,68,4,12,84,9,73,11,73,31,91,35,84,53,5,89,38,26,79,8,6,65,60,0,3,80,21,67,59,95,4,79,93,29,57,1,51,43,76,89,52,86,89,36,67,78,13,77
31,63,13,22,0,99,63,36,73,87,47,11,67,51,49,98,78,9,76,97,90,70,19,18,18,9,33,17,8,97,51,27,8,95,46,39,13,94,70,86,91,39,98,13,3,83,77,34,46,71,44,2,40,96,99,43,2,93,73,59,83,14,70,56,11,31,81,92,86,51,34,58,29,24,95,20,22,78,67,33,15,74,83,96,49,17,5,54,58,56,60,8,34,61,76,45,38,3,38,14
68,46,45,19,4,6,76,15,0,64,96,55,80,6,63,66,64,40,49,26,32,86,16,24,36,27,2,31,82,8,23,70,37,77,73,48,0,5,84,45,90,0,88,76,35,54,36,51,97,25,84,7,44,88,31,19,96,47,9,80,92,96,48,67,29,31,20,39,15,95,83,78,29,42,46,8,8,93,58,96,85,61,22,57,17,95,78,47,36,98,0,93,75,23,98,24,5,78,57,43
20,80,28,73,19,6,9,90,35,90,57,18,44,78,22,61,42,94,85,3,55,32,14,73,68,42,30,68,23,4,15,47,42,39,74,91,73,79,11,65,37,93,36,0,89,44,52,11,24,25,93,26,19,82,84,8,64,44,95,26,77,87,26,88,68,98,83,68,57,8,65,60,93,57,76,88,6,90,2,15,13,49,21,80,87,23,54,82,65,18,65,4,74,72,9,52,29,59,47,7
10,72,91,55,97,11,6,34,92,13,69,93,23,14,46,32,26,77,18,43,18,69,30,95,74,3,81,19,73,41,10,41,57,23,33,49,30,68,32,6,36,33,33,87,39,21,75,57,88,46,11,36,78,15,5,75,48,48,51,95,91,59,19,68,11,62,99,16,26,90,5,28,21,32,69,5,0,94,37,11,7,77,76,56,50,57,37,55,41,92,72,70,24,28,64,50,82,20,31,92
81,53,38,25,29,41,11,17,49,55,61,49,61,16,50,50,69,34,51,97,35,33,71,84,15,47,83,82,34,78,78,45,54,42,91,9,61,58,20,6,82,98,68,14,45,83,60,30,28,2,64,98,71,44,62,35,85,19,93,27,0,4,57,0,15,8,77,98,5,35,43,12,15,9,9,28,84,11,10,32,87,31,21,11,64,42,26,30,51,45,25,19,15,83,85,56,16,9,29,59
82,24,38,56,78,34,42,98,62,52,66,30,81,67,45,87,78,93,77,26,68,41,84,9,29,23,89,62,45,45,55,56,92,72,4,23,52,73,20,2,76,1,87,79,70,9,58,44,95,95,64,20,12,90,55,85,21,58,87,79,2,93,22,78,80,78,14,1,33,55,35,96,26,72,48,0,30,19,78,71,56,57,9,18,56,79,18,83,40,85,9,6,62,61,80,35,69,77,72,56
8,3,60,64,50,20,22,47,52,78,8,37,64,45,99,71,22,63,18,3,91,93,63,25,76,36,14,76,65,86,92,19,56,90,56,67,53,40,58,5,65,98,77,69,97,27,56,10,24,31,63,71,66,0,51,53,95,85,49,1,70,52,96,71,98,16,50,43,70,93,25,26,62,77,49,11,34,15,75,27,91,30,45,49,70,36,52,79,83,14,76,23,73,50,86,40,69,14,78,59
21,70,62,2,36,39,76,77,84,36,76,65,9,18,86,88,68,59,70,92,7,69,30,39,43,48,28,53,30,33,95,57,17,63,41,19,46,56,58,24,56,54,94,35,78,46,86,57,24,51,68,27,61,84,41,88,16,1,7,65,80,10,11,97,99,11,7,50,56,21,31,52,69,72,23,43,47,51,27,7,25,61,10,97,11,25,74,57,66,86,74,88,16,46,19,21,41,98,54,77
33,0,37,37,33,88,49,71,29,61,20,21,25,80,85,1,47,34,74,70,15,64,82,25,64,5,90,56,38,45,88,52,88,76,28,35,81,65,55,18,99,31,12,35,44,38,31,64,53,58,41,85,26,86,65,10,66,96,15,63,41,35,59,57,51,33,30,16,77,51,40,14,37,6,0,23,82,44,49,10,79,62,43,4,16,73,23,96,70,24,41,11,59,37,62,69,84,28,23,38
57,59,31,46,86,63,20,27,80,7,3,60,46,21,64,2,95,40,76,65,51,17,38,43,75,30,41,37,97,12,79,22,4,30,52,1,34,40,96,13,77,3,93,76,4,29,58,27,4,60,92,94,81,97,8,0,55,95,86,96,19,23,76,28,15,29,96,23,30,1,34,89,28,86,10,7,28,52,14,89,24,90,2,70,66,56,21,87,22,62,11,59,87,42,73,5,89,68,92,17
30,93,77,52,94,74,35,43,57,81,39,61,17,6,56,83,42,19,65,58,3,22,63,89,87,25,8,3,39,94,78,9,79,97,15,66,55,63,40,91,67,79,43,47,92,2,61,75,24,71,28,38,94,73,71,7,74,61,35,25,2,90,45,4,44,30,57,37,98,3,19,95,28,94,59,19,12,63,74,4,73,46,52,35,37,44,66,8,84,51,20,16,1,29,36,58,72,32,95,11
84,29,62,63,48,91,65,27,66,86,89,42,72,91,33,7,24,26,97,53,39,14,82,41,94,61,44,3,66,99,41,23,5,5,22,17,70,2,90,23,65,5,16,78,47,95,55,23,48,71,92,50,15,77,77,34,90,70,9,61,46,25,6,29,90,0,8,76,52,54,17,87,80,16,34,78,33,94,69,74,95,27,99,35,82,31,17,55,54,58,34,44,55,17,23,50,44,7,81,39
12,29,39,58,71,84,37,90,7,42,62,58,47,13,87,19,34,18,84,26,98,25,35,43,71,91,78,22,13,5,77,59,18,92,85,85,59,7,52,95,91,63,84,75,29,32,70,97,52,53,92,40,3,97,92,79,81,46,17,22,56,77,87,30,15,26,14,52,75,18,87,33,5,77,25,30,86,89,22,38,35,70,85,60,97,37,72,98,13,0,10,88,62,87,8,51,21,74,20,94
61,7,12,66,48,69,64,14,82,0,58,96,95,26,61,37,86,59,11,68,60,70,15,62,36,8,40,62,27,27,70,2,45,24,36,77,11,89,39,32,78,22,13,60,81,2,3,56,42,74,68,7,2,33,44,23,25,9,26,49,19,21,63,29,7,74,19,90,84,91,97,97,59,90,99,15,29,45,96,23,73,55,7,35,24,58,34,48,25,53,96,92,78,82,1,73,5,46,43,45
74,91,92,29,97,42,11,69,45,93,98,32,26,93,44,89,20,50,81,22,72,36,77,79,65,6,17,75,70,94,46,55,99,48,13,32,60,16,88,60,37,2,39,13,99,51,22,91,66,84,22,24,24,52,22,20,82,72,32,62,35,23,25,11,34,13,89,50,61,42,38,30,62,96,89,40,18,48,33,87,77,64,49,32,87,70,20,8,54,14,54,21,28,24,42,84,95,14,12,51
92,13,33,81,60,70,89,64,83,14,62,5,43,61,19,56,32,94,82,17,78,43,57,77,55,37,99,99,48,79,62,63,94,91,35,40,3,47,51,91,8,61,99,61,12,29,94,14,21,52,53,33,9,62,54,26,15,38,77,85,71,63,2,35,55,34,92,39,82,88,57,5,67,96,48,70,75,63,93,55,32,3,17,49,86,48,55,99,76,24,81,42,59,94,99,61,32,1,31,9
17,98,38,45,90,19,79,39,21,32,39,58,12,78,70,2,96,33,30,99,91,23,54,9,28,45,92,65,5,20,79,99,65,81,37,62,21,43,9,57,10,43,2,93,68,94,29,36,22,50,33,28,48,37,84,24,85,38,92,57,82,2,75,73,1,3,43,59,70,14,51,64,55,54,12,30,32,23,41,58,55,3,5,61,60,50,96,34,31,13,59,24,0,3,63,83,59,81,82,81
22,70,26,26,1,20,87,31,21,54,8,63,36,12,70,44,93,75,84,19,37,85,91,18,71,42,28,47,47,30,80,34,16,16,44,79,51,45,64,16,36,27,46,23,46,88,0,86,80,2,41,53,55,49,28,63,2,96,59,11,86,20,19,89,40,55,83,76,60,3,22,11,44,12,1,27,23,29,59,40,55,26,80,99,59,43,43,10,1,79,82,83,62,55,84,68,70,3,77,29
9,34,53,80,26,38,5,79,23,95,94,33,69,96,12,19,33,28,58,7,41,46,82,32,67,82,40,25,17,3,89,56,23,80,76,83,34,27,12,17,58,44,71,83,49,76,72,85,9,26,35,10,59,73,8,85,60,2,72,15,77,83,68,82,79,41,28,95,0,29,55,20,43,41,28,88,68,35,53,51,53,11,81,14,43,88,83,43,89,49,79,39,61,77,68,30,55,89,18,81
82,74,17,63,35,7,14,61,77,57,43,56,59,20,52,64,0,34,59,13,90,56,83,28,12,58,22,91,74,53,78,13,72,12,81,12,40,21,81,71,37,4,11,20,57,41,54,79,62,37,65,10,78,2,31,90,77,15,58,0,94,49,41,11,29,39,28,82,73,43,33,79,65,52,8,46,83,36,51,4,47,64,15,66,90,70,9,96,74,6,38,39,38,24,77,42,89,23,85,13
87,45,91,8,33,10,38,50,25,59,84,70,56,24,71,30,99,6,54,69,35,0,27,58,54,52,71,52,90,91,50,49,63,85,76,56,63,51,2,80,61,12,36,85,81,38,9,22,3,7,10,88,52,82,5,64,76,57,9,62,89,66,34,22,21,39,41,4,27,22,88,95,68,62,51,42,40,63,40,49,85,50,96,4,58,99,52,33,87,18,25,75,91,73,40,74,88,21,34,72
31,12,81,55,27,37,66,6,21,41,57,86,12,45,62,45,22,39,90,83,49,76,65,2,16,61,3,3,45,6,15,16,89,18,27,4,1,59,60,45,98,86,48,33,79,85,40,78,95,48,89,63,96,77,3,17,33,14,85,10,53,16,88,7,76,10,38,47,54,37,50,7,35,50,39,0,36,60,30,40,1,22,34,88,1,35,63,89,32,35,81,59,18,14,6,64,94,46,14,58
1,2,18,79,53,76,3,97,31,79,62,70,94,23,40,41,69,0,21,20,73,62,3,56,1,33,60,94,78,82,29,46,1,22,50,14,11,11,25,33,69,92,65,99,2,45,43,20,12,59,19,75,57,55,12,96,85,45,28,96,97,18,81,12,63,94,2,28,50,54,16,88,87,8,14,48,49,94,4,58,62,56,57,93,47,93,52,47,18,45,72,90,93,22,65,1,61,49,60,7
22,21,6,63,1,67,65,21,22,24,87,79,33,75,50,31,9,70,24,54,34,68,25,14,84,40,61,46,52,42,93,69,89,21,86,20,46,78,52,54,17,56,42,7,98,32,81,68,82,74,96,16,11,48,68,59,51,38,3,79,47,82,50,73,37,24,59,79,94,51,86,34,74,17,51,57,99,16,62,37,11,90,85,80,82,33,67,93,52,96,72,75,93,88,12,52,43,46,80,95
93,74,10,31,68,40,14,19,13,76,46,8,50,84,82,33,80,24,36,70,1,26,58,47,6,75,28,58,38,16,26,40,20,66,25,35,32,40,43,3,12,80,71,3,96,2,72,85,21,39,70,13,92,15,70,44,19,39,36,68,36,42,3,13,42,87,26,10,66,47,82,6,18,34,24,39,32,89,21,2,72,46,40,55,90,24,31,47,69,44,34,11,1,11,30,64,5,16,22,35
55,41,94,60,19,53,90,16,60,63,93,55,67,60,97,50,4,94,6,26,86,86,15,69,75,4,18,36,67,36,35,73,75,51,88,60,84,58,62,4,18,74,47,84,31,11,9,15,57,26,85,33,97,64,79,29,75,85,89,64,65,65,35,28,2,36,11,7,8,65,80,61,17,58,82,47,72,57,89,97,69,83,86,23,6,7,33,80,30,64,53,96,68,32,34,42,3,85,88,94
40,28,14,18,69,49,85,11,24,78,81,27,8,16,65,16,30,74,92,57,80,2,92,82,80,78,48,53,7,68,71,79,74,16,33,45,79,87,15,78,60,35,90,20,32,89,63,70,57,16,27,83,60,47,25,58,83,25,43,48,37,23,73,55,7,76,5,8,66,55,31,74,69,29,25,74,66,0,49,21,33,12,69,70,65,91,84,12,71,52,93,18,0,46,6,96,13,93,13,68
76,85,98,76,88,90,51,91,67,54,85,48,38,42,31,79,99,53,15,31,38,65,55,45,15,86,92,95,3,96,57,25,41,19,12,9,2,81,49,9,10,50,85,57,21,31,20,75,17,35,39,4,84,16,98,91,22,67,46,13,45,82,15,64,19,14,84,43,73,58,35,78,42,61,14,10,68,91,98,70,83,87,69,78,9,47,3,86,75,96,45,29,11,33,35,68,11,20,34,51
57,79,2,9,66,87,60,41,74,59,27,5,48,72,77,13,81,26,85,44,14,53,15,70,30,33,4,20,19,23,95,9,71,51,52,80,34,29,38,64,11,18,27,98,70,52,46,37,17,68,82,53,31,64,8,86,74,15,51,74,91,68,25,51,6,98,78,26,13,65,0,99,58,34,71,50,52,94,38,97,76,83,45,21,55,80,45,81,24,55,7,4,23,18,20,65,65,8,15,98
86,81,38,95,1,2,38,70,49,3,29,65,90,88,32,80,46,14,49,37,43,49,89,41,50,1,53,94,3,8,3,84,76,38,78,0,59,29,76,23,35,68,2,31,68,94,54,9,14,93,17,81,88,60,68,78,36,57,56,55,35,50,57,68,6,42,88,97,7,97,87,30,5,71,99,98,95,97,55,16,62,66,25,38,63,62,64,46,4,94,55,88,70,8,13,76,80,84,0,9
85,37,33,93,61,67,40,95,6,2,79,47,5,69,51,61,83,92,65,23,93,9,6,60,14,6,81,90,56,48,6,87,28,0,87,21,40,24,72,54,78,80,70,91,52,69,5,60,60,14,3,35,34,10,17,46,5,10,22,2,1,6,32,13,0,17,57,32,15,24,29,47,30,7,43,1,60,40,83,21,31,74,6,65,7,21,37,25,33,43,8,7,55,81,85,53,94,6,55,7
96,93,35,36,43,56,22,90,30,85,27,82,15,4,27,49,16,37,54,4,34,91,77,71,89,25,72,38,68,36,72,18,48,79,94,71,47,96,82,0,81,42,45,14,27,0,55,91,82,33,86,32,8,7,1,24,73,23,47,54,67,20,5,65,83,10,25,64,53,13,41,99,60,11,79,99,83,97,86,12,22,76,7,54,52,35,73,43,72,15,36,62,32,19,31,59,50,81,92,69
74,56,68,96,63,52,18,73,59,84,10,51,29,3,13,80,60,74,7,83,90,98,89,40,30,75,30,21,25,63,87,63,97,82,51,14,69,1,30,0,62,93,25,61,22,72,72,17,35,30,15,64,60,36,48,17,34,97,66,93,48,32,73,51,67,76,45,75,88,22,17,71,28,65,14,46,7,3,56,24,70,32,24,45,56,69,44,45,73,24,80,11,67,42,25,43,79,32,53,37
10,65,58,49,30,83,76,92,66,94,29,59,25,72,56,65,37,33,76,18,94,28,76,49,60,43,56,84,7,80,40,4,8,93,32,28,60,9,8,45,22,61,30,95,76,17,86,12,58,76,16,38,84,24,2,91,72,15,27,59,60,25,42,75,80,63,34,95,24,94,71,30,30,20,50,54,9,89,98,45,51,13,1,24,37,11,43,96,68,53,18,56,54,8,26,11,18,16,38,63
91,66,27,18,30,48,55,5,6,75,83,60,81,64,74,56,70,42,70,98,31,83,2,53,31,60,60,5,37,54,56,35,55,33,1,32,47,51,52,59,15,28,61,37,0,22,59,97,26,96,9,19,94,86,95,17,94,78,17,16,28,5,78,46,69,24,71,94,51,49,90,94,83,61,2,84,17,50,68,94,75,70,23,49,62,56,43,57,99,76,36,95,83,77,48,6,67,26,43,7
50,39,69,0,61,39,60,64,37,36,32,72,99,53,74,33,3,8,35,36,46,77,54,37,63,94,59,96,34,20,96,44,99,84,49,67,40,14,91,42,22,27,76,58,86,66,32,67,62,55,47,81,97,52,53,85,48,38,85,74,69,78,22,53,86,13,20,45,1,14,16,79,77,62,54,84,35,92,27,14,63,48,71,97,86,97,85,15,24,5,85,11,53,49,33,25,88,3,30,13
62,66,77,17,32,24,83,22,47,80,81,16,7,18,18,46,97,53,21,58,92,3,77,19,50,79,44,33,51,73,96,68,59,11,97,5,79,99,59,35,56,98,72,42,95,70,93,32,99,15,60,76,94,29,15,65,60,7,96,92,81,53,75,40,87,89,80,78,57,18,82,66,99,53,17,97,80,32,37,21,59,23,84,74,37,95,86,3,34,13,36,8,19,45,28,5,66,8,56,16
2,13,33,35,83,52,12,51,22,37,90,20,34,49,3,96,50,89,59,13,19,78,31,36,34,51,12,47,45,32,83,87,17,21,49,89,19,94,10,81,52,22,72,61,74,76,28,39,28,43,17,93,9,11,15,40,79,34,85,97,3,50,8,53,14,86,29,97,7,59,8,0,46,19,1,12,0,56,80,31,57,37,33,96,1,84,40,41,8,91,65,79,79,66,32,3,20,46,30,61
8,15,40,23,26,1,82,86,51,45,84,17,3,87,48,76,20,93,39,78,59,50,35,43,52,93,86,72,73,96,27,36,76,94,37,28,47,89,34,21,2,14,6,29,22,34,49,75,28,21,16,84,55,86,15,39,61,10,19,53,18,80,47,66,43,50,70,65,35,60,76,11,36,75,9,2,2,2,29,67,15,49,48,29,18,92,73,96,70,26,32,50,25,49,80,98,36,76,89,88
83,63,17,42,16,28,24,47,26,91,93,67,70,41,35,98,32,12,84,47,9,87,49,76,39,62,78,2,53,15,13,70,30,20,46,40,92,74,81,49,73,11,75,39,1,5,52,30,25,21,89,46,0,84,8,21,87,98,29,90,34,81,50,86,10,0,20,64,67,74,28,81,80,36,14,57,58,74,73,29,4,22,46,57,19,44,57,8,32,16,81,6,7,34,95,18,66,54,74,9
61,88,83,27,3,70,91,29,47,2,98,23,65,92,52,61,86,20,57,19,83,12,4,39,55,33,6,65,29,97,93,43,9,10,65,4,68,21,26,0,53,33,74,73,35,19,30,77,9,55,34,78,98,44,73,87,21,22,43,75,2,37,71,33,55,55,63,41,26,67,53,92,26,50,95,29,34,47,88,3,60,41,53,40,54,14,16,69,21,38,82,21,85,72,0,75,19,21,89,33
57,7,61,64,94,73,36,25,64,34,14,52,35,35,99,80,44,53,93,85,67,79,66,8,76,28,78,36,14,24,34,60,7,67,43,30,68,77,59,12,94,48,5,52,82,82,12,33,84,91,50,33,82,59,5,82,27,32,13,51,54,68,20,24,23,91,50,25,0,19,39,15,66,59,80,61,92,87,93,32,53,75,24,43,79,80,92,44,73,91,94,47,82,6,9,37,24,11,89,44
93,50,51,3,33,39,44,73,33,56,24,19,5,70,2,12,38,32,1,77,77,73,20,18,82,24,20,73,19,73,60,61,69,95,44,83,43,58,91,24,25,55,46,35,76,35,52,82,54,27,85,67,87,64,10,16,16,3,78,30,36,58,79,25,69,12,94,1,7,53,34,63,27,36,45,66,59,24,33,97,31,19,35,63,29,30,47,5,97,49,30,37,16,43,84,74,20,48,31,71
38,94,45,0,2,26,96,22,62,27,37,30,55,17,77,88,38,46,94,72,6,57,47,74,8,60,30,39,10,75,12,90,25,57,86,77,11,45,60,76,89,86,78,28,35,85,42,63,27,6,55,64,15,85,94,80,61,73,35,71,41,91,25,55,59,45,73,68,29,16,51,20,90,87,70,82,13,59,70,35,36,12,48,2,70,79,33,72,39,93,52,1,21,60,90,23,37,51,13,95
19,19,80,66,96,19,64,5,24,25,52,34,40,85,63,3,62,83,34,48,21,20,6,39,85,46,31,17,68,91,78,45,45,99,92,22,14,93,79,21,36,36,42,87,73,6,60,92,60,39,37,43,33,93,54,36,47,19,73,22,11,29,85,70,74,40,19,48,94,8,23,39,75,88,35,75,65,97,93,72,43,55,96,31,17,7,93,70,17,40,7,6,73,42,25,19,95,50,88,93
52,31,93,91,41,43,40,67,43,58,8,32,44,0,59,18,13,5,36,73,7,52,21,35,61,47,14,54,85,57,38,28,24,25,84,31,13,76,46,52,80,19,86,58,32,69,54,14,12,68,4,11,30,71,99,66,65,91,66,12,1,61,54,10,81,0,77,38,30,21,99,68,63,37,54,82,76,26,71,58,61,69,19,68,67,6,34,37,82,48,46,4,60,22,49,43,4,35,2,81
77,44,13,14,39,12,88,8,43,7,65,6,65,2,17,80,50,73,55,57,60,46,67,3,9,78,91,38,19,71,63,4,33,5,32,76,37,12,37,87,77,93,53,24,62,65,65,59,14,11,27,51,73,33,51,62,82,43,66,33,15,71,39,71,93,32,39,5,12,20,39,81,44,37,79,37,22,66,99,69,2,61,4,88,25,61,77,23,87,25,82,72,41,55,32,62,35,83,7,74
65,84,58,48,15,99,5,9,33,83,17,76,48,56,17,2,57,71,1,16,20,21,14,60,94,93,53,27,54,88,16,4,43,79,92,9,38,23,85,1,56,21,40,54,50,23,82,45,19,1,23,47,87,14,70,26,99,24,69,65,81,78,8,62,31,43,70,39,37,34,34,74,69,48,90,22,57,62,97,8,41,7,47,42,80,1,54,2,28,48,27,47,10,54,56,58,0,43,96,1
54,41,84,68,83,25,14,88,14,87,81,18,29,89,24,58,83,6,16,15,63,91,65,97,89,63,93,4,3,0,93,20,47,24,91,90,43,79,76,37,37,31,26,80,16,66,68,74,84,16,43,47,88,55,91,73,95,79,79,12,23,6,5,45,99,93,65,32,67,91,13,56,71,96,39,82,58,78,44,99,51,11,72,70,90,51,92,4,1,28,77,97,75,55,17,97,54,43,81,6
74,73,46,76,2,10,65,85,3,8,39,27,6,11,37,74,5,76,40,95,37,85,65,32,94,11,36,10,83,23,18,11,36,66,69,85,9,10,36,67,70,86,38,16,22,84,50,26,8,65,50,87,40,80,41,53,30,69,77,21,35,11,55,48,44,55,52,11,27,57,59,37,37,88,86,86,54,94,93,87,58,91,27,86,74,0,14,85,42,96,93,39,10,63,57,61,83,60,5,33
7,67,18,72,35,0,29,74,11,77,9,85,58,23,79,32,0,15,60,82,75,92,22,6,79,51,58,5,51,5,40,49,91,55,69,71,8,60,6,28,36,5,15,67,68,68,49,65,81,54,89,19,23,31,75,16,57,51,49,7,83,20,34,80,46,2,86,8,50,19,5,27,7,16,67,38,37,31,3,34,54,34,46,87,61,8,86,9,13,47,57,72,23,70,22,4,41,50,60,58
82,46,46,41,48,68,95,8,98,91,10,43,58,47,43,70,84,83,88,31,91,10,49,90,11,25,8,71,91,18,86,22,62,32,0,25,42,69,84,71,62,16,88,8,26,9,99,67,17,83,56,33,18,76,1,2,56,27,45,32,94,68,78,86,15,22,22,63,77,92,13,18,57,51,5,60,36,91,52,74,49,86,14,46,44,33,66,2,93,46,59,8,12,38,78,10,78,87,38,62
30,38,59,67,28,80,30,9,31,55,40,42,5,0,26,56,85,38,2,1,86,76,60,61,5,53,83,42,79,84,80,30,19,78,10,66,65,36,65,68,7,48,87,24,28,99,40,51,62,79,12,96,41,80,69,32,83,37,63,87,48,2,44,77,90,83,75,9,29,75,10,23,24,25,5,1,92,78,83,32,54,9,5,60,39,54,45,45,41,67,9,23,46,46,78,17,30,45,56,20
96,4,75,89,51,8,51,73,82,78,58,99,22,1,4,95,57,14,79,52,44,44,15,53,44,87,28,48,91,24,77,63,81,19,57,52,59,90,42,3,46,0,45,52,89,32,87,54,85,54,30,59,21,18,19,94,4,96,55,25,87,52,92,17,30,55,90,62,20,11,25,48,41,84,40,48,24,50,36,91,45,5,55,31,97,1,64,16,7,8,57,3,2,14,29,91,24,46,82,55
28,20,42,60,33,91,1,2,92,18,86,48,77,49,23,48,97,31,82,19,75,31,90,60,3,3,78,20,54,51,19,83,45,4,95,13,45,74,86,91,85,49,51,20,26,91,50,76,92,0,1,31,8,96,77,85,5,64,41,16,98,96,15,87,66,50,30,45,89,73,70,40,44,74,43,1,21,79,36,0,3,12,67,12,13,84,10,90,75,34,50,3,69,88,4,29,28,97,0,0
10,87,66,52,38,38,17,54,52,28,21,66,40,63,10,50,61,27,91,13,89,81,18,46,94,52,17,96,55,97,22,29,41,87,89,31,30,76,39,51,81,4,70,84,5,15,41,43,39,24,70,1,10,86,44,66,36,33,49,55,69,12,66,60,35,83,72,80,81,99,79,11,28,71,7,40,55,60,59,25,69,56,96,86,37,28,26,95,55,9,79,37,87,32,95,58,75,85,28,58
91,83,18,3,71,71,5,47,63,91,27,20,37,53,23,66,8,17,46,99,25,84,77,62,49,59,53,65,27,15,42,21,15,96,61,39,28,75,88,99,83,81,16,40,56,65,83,46,61,32,78,64,80,41,67,68,81,47,42,77,53,28,90,66,15,45,14,75,61,60,98,9,15,49,20,30,87,2,72,61,53,47,34,2,95,73,58,39,10,30,18,46,63,75,24,93,63,37,16,42
39,38,12,83,65,15,39,92,37,0,81,32,99,68,29,87,42,16,83,67,31,80,78,34,58,75,79,11,45,61,44,78,59,33,1,23,27,16,4,43,7,98,57,21,29,88,33,6,17,51,20,43,56,17,13,19,97,70,91,33,91,93,67,45,92,22,2,55,27,76,59,14,74,55,68,90,98,22,25,69,11,79,63,29,44,52,85,2,69,81,52,60,40,86,71,66,12,91,84,96
59,9,63,33,42,83,81,58,91,44,99,90,52,25,16,8,62,74,23,85,78,13,62,28,15,52,64,74,13,61,91,9,95,96,27,23,42,90,3,95,76,7,26,25,6,55,36,77,10,79,43,57,69,25,72,78,88,10,2,42,63,76,38,41,5,52,49,98,26,36,71,6,11,95,80,62,27,59,96,76,55,27,65,88,0,78,14,89,12,72,96,48,19,72,22,50,64,91,45,56
61,72,74,82,74,63,32,34,2,88,77,59,91,10,50,41,30,57,99,28,49,22,31,17,27,51,27,38,68,99,43,28,94,61,17,37,1,46,54,10,66,4,7,81,87,23,48,65,19,45,52,76,2,8,73,48,96,84,6,21,82,3,95,12,4,75,12,43,26,80,26,65,94,55,32,81,94,56,68,29,51,49,85,44,63,64,44,61,96,79,69,8,69,92,96,11,94,75,19,88
33,50,20,60,26,19,18,23,1,75,63,8,55,5,38,12,16,49,13,75,35,53,67,99,44,10,29,2,60,59,47,44,61,0,2,88,55,59,46,11,92,94,7,10,63,11,7,48,68,2,24,59,22,46,48,8,5,57,47,18,33,89,69,48,10,17,69,31,59,34,54,83,32,25,81,52,43,69,16,77,93,13,54,25,96,89,15,4,47,90,63,5,78,3,81,22,47,0,64,60
27,21,72,52,26,12,16,46,84,10,32,46,37,32,32,71,85,4,16,59,27,91,76,98,2,79,39,49,9,15,8,63,45,32,40,90,35,13,94,4,8,37,46,88,22,3,41,24,92,89,79,37,58,21,61,59,30,44,22,59,68,69,36,84,60,14,56,85,13,13,25,9,5,39,34,33,56,22,66,42,80,75,66,47,7,49,5,80,38,68,13,10,9,68,72,26,35,57,71,51
62,13,26,61,16,20,48,7,78,74,44,17,54,24,91,96,39,34,61,74,66,4,26,88,36,22,78,37,60,63,24,46,12,63,96,25,35,1,60,48,33,37,1,61,30,6,93,90,98,59,33,15,44,16,24,44,71,72,34,60,80,74,51,93,76,91,40,52,77,35,22,85,86,32,57,85,49,89,61,8,90,48,16,74,41,82,15,65,87,91,69,77,98,57,30,98,56,3,68,24
27,21,46,51,48,59,10,33,8,46,12,48,76,92,26,0,83,65,32,7,57,9,44,29,5,58,64,95,77,69,9,3,1,9,59,57,41,47,6,55,67,56,99,63,67,66,25,66,12,13,85,2,86,99,16,95,85,67,45,49,72,52,53,71,68,40,64,44,0,74,9,23,61,21,19,72,11,42,7,3,85,71,27,84,12,62,63,41,22,66,80,62,68,91,34,26,28,73,52,83
64,37,42,87,56,63,64,4,0,64,11,70,72,31,89,73,28,24,75,58,3,84,29,92,2,44,51,11,25,24,88,79,30,13,94,12,47,37,78,18,65,84,30,90,28,84,1,44,98,47,44,87,39,10,37,39,58,58,85,48,28,26,92,17,55,61,47,86,32,96,36,0,41,40,53,30,44,81,80,5,19,63,15,13,68,67,29,65,58,10,44,74,97,92,2,35,28,20,95,52
99,44,35,29,59,30,14,34,36,63,97,27,6,71,12,11,50,72,30,70,95,6,69,50,43,85,78,89,79,86,17,50,35,96,12,43,62,86,20,0,71,77,24,91,81,4,16,59,86,38,12,53,48,17,18,41,13,28,89,39,54,16,63,64,87,74,40,47,21,59,39,62,91,35,17,59,71,70,36,96,76,9,60,19,3,4,77,3,82,48,10,38,64,85,36,8,59,77,21,8
6,41,88,27,35,41,98,1,99,55,52,95,59,50,91,33,13,67,25,30,3,30,40,41,18,5,35,32,83,39,15,63,51,19,66,30,24,18,92,72,50,45,57,31,66,75,1,65,49,76,74,42,13,61,40,20,30,95,39,33,35,54,51,59,83,36,77,97,4,18,18,80,24,83,57,4,75,80,88,78,5,44,59,25,17,33,36,24,77,97,88,3,15,4,45,64,44,19,6,89
65,0,50,99,84,74,45,0,21,0,48,9,81,5,19,92,73,20,92,75,48,24,43,60,14,59,20,37,89,75,62,76,1,60,62,69,47,59,75,48,5,72,28,95,99,8,14,20,16,98,48,80,97,78,55,79,6,30,7,1,55,66,70,34,53,54,1,99,80,53,24,99,75,40,7,87,23,41,28,42,18,9,57,10,79,48,6,42,72,34,26,20,93,65,55,5,79,11,13,97
98,23,49,34,25,34,3,89,51,59,87,96,84,66,15,6,64,36,18,5,0,84,62,10,51,62,87,38,44,16,72,61,63,94,49,94,36,26,70,68,53,40,7,82,75,47,20,45,70,17,64,61,92,98,32,53,61,3,39,21,99,2,35,57,8,27,48,65,19,44,43,79,86,16,43,85,24,30,75,13,77,34,19,10,43,11,92,5,62,50,52,83,2,69,4,26,89,10,81,88
84,17,24,33,40,72,21,54,48,81,34,58,80,68,55,73,20,10,61,61,66,96,67,69,19,13,79,78,77,78,57,19,95,93,21,49,42,30,6,73,80,15,52,12,6,39,71,6,41,87,32,56,28,32,90,87,18,48,31,17,35,1,44,57,77,87,96,19,65,40,81,6,55,30,14,51,94,44,81,36,73,11,2,31,68,7,11,47,43,83,85,0,18,43,79,5,29,79,25,28
36,91,54,23,98,85,86,52,6,15,34,72,70,18,85,29,40,42,5,69,90,33,67,69,55,67,20,63,46,64,85,63,24,98,38,14,95,90,44,28,68,33,72,30,12,94,97,33,41,46,48,69,99,9,79,42,53,14,91,91,47,45,45,16,77,58,19,13,55,68,3,98,87,54,35,12,63,76,28,36,61,31,63,54,8,22,23,28,17,40,64,79,26,95,74,69,55,6,74,59
