84,84,25,36,35,74,91,25,87,71,87,73,65,70,23,83,29,76,67,84,54,15,91,54,56,96,63,93,29,18,63,10,66,27,61,15,8,70,17,27,34,37,79,67,42,24,69,14,78,52,68,22,63,22,95,48,6,66,97,38,48,76,88,99,61,33,66,10,67,86,73,44,61,23,10,25,88,7,63,0,75,29,89,59,61,24,43,2,70,7,89,76,9,21,50,71,83,26,45,60
10,23,82,47,37,84,50,46,95,24,77,21,7,14,33,62,82,34,73,18,41,73,75,58,62,78,55,80,72,71,40,98,70,68,9,69,66,4,4,47,38,97,21,21,76,14,87,77,27,73,12,86,55,95,25,93,15,16,97,70,79,70,31,55,42,62,13,75,54,63,78,70,88,28,83,96,99,89,97,93,84,5,11,63,72,96,72,75,1,49,47,9,33,57,84,78,40,85,67,4
40,28,25,13,72,89,18,78,71,91,38,66,21,63,22,34,8,77,69,87,99,31,45,59,19,38,94,7,98,32,51,56,15,42,43,99,88,71,13,47,43,27,90,14,96,78,92,64,75,68,67,87,16,97,31,35,28,40,22,66,3,51,36,11,46,17,93,15,59,59,53,5,59,59,41,28,6,82,12,55,43,0,58,88,98,3,47,40,69,8,66,52,61,31,97,97,50,89,51,17
65,2,71,44,64,31,44,39,76,68,25,78,58,31,97,50,51,80,6,82,49,22,45,48,23,33,68,18,19,67,63,38,82,63,0,0,7,70,5,14,73,76,82,38,82,24,64,58,63,21,49,40,46,12,76,36,89,67,33,70,53,72,45,88,12,74,76,62,16,23,79,16,38,39,38,93,50,42,21,12,74,4,25,89,50,56,66,33,52,32,92,57,3,19,66,25,18,59,87,12
15,54,18,45,0,5,42,95,76,64,59,8,30,90,79,12,27,2,87,3,73,0,72,74,71,3,28,92,54,43,48,68,91,35,37,97,76,58,61,6,73,83,0,54,82,10,18,63,72,64,4,45,78,74,39,15,53,85,51,43,64,67,60,54,66,44,28,11,66,89,54,7,72,56,14,7,47,74,10,71,25,73,65,52,64,71,77,12,34,62,32,42,28,31,92,80,92,57,94,87
37,31,77,5,61,27,71,2,50,99,13,49,95,18,46,37,65,57,39,79,86,38,29,94,9,38,82,52,37,24,14,87,42,48,37,56,41,45,17,76,38,64,99,77,59,13,38,35,24,39,39,69,56,9,81,84,92,22,96,98,43,79,13,45,42,11,62,25,99,27,1,60,56,0,75,84,52,88,4,51,73,11,64,43,40,85,15,9,23,98,5,24,34,68,65,32,7,27,64,42
51,76,29,83,84,25,74,12,37,0,9,41,87,75,41,84,85,96,2,43,88,28,41,46,52,60,96,58,6,82,35,91,21,17,68,54,26,40,94,25,46,66,0,52,8,18,76,46,74,13,50,83,46,76,33,19,55,92,13,38,16,20,29,66,41,49,45,67,38,95,46,70,13,40,0,32,72,63,65,22,29,34,44,37,37,90,33,58,49,15,25,7,71,92,35,29,65,84,62,70
52,23,7,34,93,67,25,45,18,13,55,17,18,65,39,45,2,61,37,86,21,40,63,31,22,34,66,69,64,51,5,34,11,72,95,51,43,47,22,43,99,61,88,76,1,63,28,49,93,11,56,48,74,50,87,44,50,49,16,15,40,32,93,8,58,63,54,25,93,24,50,33,17,38,77,2,19,56,27,91,92,9,61,38,39,70,23,0,26,63,20,44,62,80,31,42,6,50,49,32
8,82,37,75,82,36,76,28,18,58,60,19,55,62,26,66,60,48,52,18,55,83,99,42,27,12,19,29,90,35,95,56,28,72,74,74,99,88,65,54,39,56,98,59,63,95,84,12,65,29,49,66,83,58,37,60,26,66,19,32,76,95,55,11,14,57,90,82,45,17,15,81,3,38,93,2,79,59,5,87,22,50,6,2,52,27,5,6,80,81,85,96,98,4,46,47,62,91,27,8
89,0,29,30,48,95,67,2,8,55,49,55,32,65,48,96,3,86,50,92,83,45,94,76,85,76,86,7,98,59,1,42,32,0,86,33,90,7,58,83,19,96,24,1,73,14,91,39,75,89,63,48,2,17,79,70,23,62,19,18,80,92,92,29,94,20,84,76,91,62,39,23,59,26,84,18,82,48,50,53,31,80,18,36,51,23,18,36,83,61,76,76,39,43,28,98,76,67,47,39
47,13,11,52,47,53,67,79,82,76,2,18,98,27,55,31,17,28,55,71,48,70,0,47,87,88,47,41,84,75,31,33,7,88,39,55,82,95,99,20,46,91,90,95,14,68,87,89,22,57,68,68,40,31,40,22,2,65,40,31,85,46,37,17,92,39,81,87,31,71,24,32,91,59,59,84,19,86,74,18,94,74,85,90,81,19,30,56,21,91,22,90,89,9,79,78,13,26,11,64
87,87,39,39,67,98,52,18,13,87,16,17,25,26,45,0,12,26,98,1,42,63,0,42,45,68,23,37,41,60,6,92,99,85,96,85,86,78,4,28,10,16,62,93,45,42,76,97,69,80,86,45,36,36,88,37,50,44,8,96,14,88,75,81,25,77,1,24,83,69,72,71,97,26,40,6,55,90,98,63,56,85,28,3,48,2,10,37,89,26,8,35,77,24,75,27,58,80,20,74
82,48,9,62,8,0,61,49,89,28,94,16,77,60,74,13,50,63,19,96,1,12,25,82,67,7,12,82,0,97,18,61,86,18,69,3,22,53,35,53,37,21,71,89,51,68,80,65,4,13,29,0,58,42,40,93,88,4,38,38,92,7,57,95,6,88,14,87,6,21,86,74,43,72,60,6,43,75,28,73,49,98,35,2,68,18,86,46,44,54,41,26,5,35,45,15,63,6,3,32
20,88,89,67,20,43,99,59,59,42,44,24,5,34,68,29,54,92,52,18,4,49,65,39,18,40,68,35,9,29,46,13,15,32,52,64,80,68,98,37,94,47,48,92,63,35,31,69,83,59,88,97,40,91,99,79,33,87,53,55,79,94,8,12,92,8,55,37,95,74,6,79,0,13,26,93,34,12,61,90,27,11,17,49,5,43,99,58,34,53,7,44,73,8,47,78,84,21,83,52
47,11,94,18,99,57,86,31,18,46,34,38,26,69,25,2,30,18,0,76,32,21,91,51,20,47,75,38,73,72,94,68,71,46,32,74,76,83,68,63,87,23,2,94,13,94,73,16,70,30,91,74,12,95,41,26,81,37,10,24,62,63,88,7,26,45,3,94,36,68,59,60,16,70,53,25,17,95,53,71,88,7,80,60,74,76,0,42,54,33,45,56,71,87,8,41,96,30,40,45
75,22,15,64,90,52,10,94,18,18,24,65,74,88,48,51,22,86,1,8,90,5,26,41,55,99,60,44,29,39,28,4,82,37,8,97,99,33,42,66,95,74,5,96,10,39,58,58,63,87,47,80,9,92,24,36,13,93,49,57,33,54,78,82,77,22,79,92,77,25,19,52,91,28,89,84,23,61,78,13,16,94,85,67,44,90,95,61,53,57,49,19,62,45,34,40,42,25,83,3
18,79,50,95,51,51,56,65,50,10,5,92,44,46,28,82,36,87,53,71,26,65,95,52,96,41,8,21,91,9,32,91,42,3,37,98,49,47,91,38,33,50,32,52,0,11,29,86,11,97,19,1,97,59,80,24,43,42,46,39,9,32,2,29,25,36,27,87,54,41,21,37,49,36,95,48,19,40,1,94,17,76,47,9,33,14,24,17,71,62,22,79,79,73,2,4,47,72,74,6
1,19,47,61,66,5,86,8,45,16,55,93,46,60,46,1,77,50,59,91,68,74,29,35,69,94,10,76,83,6,74,11,60,3,1,67,50,47,36,43,80,94,20,8,64,70,76,78,50,13,19,9,25,84,37,93,91,27,23,94,88,4,77,36,39,5,13,31,33,65,42,8,32,88,94,18,96,33,65,65,89,42,61,54,95,66,78,37,83,56,18,92,4,61,4,23,22,26,17,13
93,7,72,58,33,91,0,99,21,29,67,35,93,69,61,25,14,58,33,74,65,82,91,44,13,93,2,14,10,27,51,39,0,56,50,76,79,74,29,65,89,21,27,90,18,37,94,1,70,90,34,6,75,1,89,56,74,73,84,95,26,64,52,51,63,18,31,59,72,73,77,33,74,88,69,30,25,25,54,83,88,88,17,15,15,19,63,32,78,25,44,87,73,98,96,9,70,3,50,84
82,9,99,62,44,9,81,93,28,31,62,52,46,14,65,65,42,68,27,20,2,30,57,52,67,97,63,97,4,76,47,78,2,95,72,4,46,57,3,20,39,91,3,71,12,75,87,69,4,93,28,29,44,66,32,23,24,92,7,46,43,6,68,55,99,15,76,16,37,0,5,96,38,59,5,62,70,21,89,69,62,64,14,11,12,30,35,2,38,50,11,61,75,43,37,9,33,62,73,17
42,6,38,97,47,65,52,37,72,85,69,0,45,77,83,33,14,54,86,40,20,32,86,26,6,97,52,71,26,14,46,60,43,88,29,91,87,48,79,59,63,87,9,2,96,56,99,15,21,17,47,71,80,97,50,76,20,48,35,63,88,13,34,49,38,77,21,88,38,85,29,30,28,44,54,67,53,79,69,92,31,16,68,55,46,81,63,44,59,5,49,72,2,66,35,62,32,70,18,85
45,96,2,3,32,95,10,31,27,83,85,35,33,26,47,36,24,87,1,62,90,41,38,10,21,86,37,68,0,96,16,85,79,32,50,8,50,7,90,93,20,66,93,61,15,47,52,18,71,48,71,57,10,27,50,35,24,48,44,26,51,52,35,96,40,27,34,59,40,21,68,73,17,26,95,95,62,58,24,45,60,3,96,96,15,46,97,22,54,79,57,5,25,73,36,48,51,89,35,75
0,73,83,79,47,59,82,71,43,35,22,64,21,53,27,8,93,82,34,81,62,93,41,90,11,43,57,50,64,7,72,96,56,43,95,96,75,92,63,79,96,58,16,94,53,97,24,75,99,77,17,78,82,99,1,97,60,17,2,95,12,15,53,9,30,76,76,21,28,5,61,19,48,41,32,35,46,40,14,95,1,50,4,6,70,36,52,19,18,4,76,10,17,17,0,19,80,23,91,27
45,26,26,55,35,87,4,94,94,5,72,55,74,5,38,17,56,22,10,41,17,22,78,49,22,36,84,59,32,76,73,80,45,90,74,32,21,22,83,60,3,37,81,71,1,66,76,1,83,86,79,45,93,52,76,65,63,34,29,46,25,67,24,33,19,50,55,3,20,14,74,15,62,68,38,55,76,62,26,87,39,30,0,61,70,40,84,57,41,94,49,0,44,74,22,6,3,19,25,6
39,61,51,62,90,60,64,96,35,91,91,44,63,41,59,59,94,8,62,3,50,21,36,38,72,66,79,24,60,32,58,63,53,30,44,73,70,70,61,1,15,65,78,94,6,61,22,14,58,12,87,66,15,16,54,28,51,83,14,51,91,90,17,55,81,60,89,9,71,94,11,30,41,48,32,26,48,7,78,71,87,0,41,3,88,8,54,38,81,92,13,79,10,38,84,20,16,0,53,33
84,27,23,6,45,63,60,33,54,13,45,22,14,72,72,0,13,26,48,3,43,42,17,74,18,97,17,11,22,66,65,87,23,99,15,30,30,25,89,78,87,42,36,94,49,75,93,3,5,1,24,95,59,32,1,5,74,39,27,29,69,80,48,96,31,81,38,0,7,71,25,25,5,36,61,82,87,27,40,75,78,42,7,30,13,78,61,81,32,71,71,34,50,17,65,78,31,35,52,4
29,31,55,33,20,25,42,91,47,52,88,47,96,88,17,50,61,29,85,95,58,21,21,33,44,44,88,79,11,87,84,67,62,99,47,38,18,75,73,38,5,71,87,41,22,14,3,92,71,28,58,75,79,32,49,84,24,47,10,22,50,28,36,26,92,17,41,76,59,7,99,16,7,35,25,50,15,3,26,82,70,22,14,87,87,87,84,60,64,76,70,76,55,8,62,93,37,80,54,48
25,32,90,91,85,88,28,75,75,42,83,54,71,23,52,30,73,93,54,50,75,77,24,8,84,3,84,27,6,52,78,41,54,81,64,45,2,60,47,83,57,43,95,96,57,0,64,11,92,27,39,46,10,30,99,86,76,5,7,37,88,60,97,1,29,41,61,58,0,82,90,95,29,82,55,48,3,60,79,81,6,79,92,94,47,95,14,52,70,17,79,67,11,61,45,38,13,5,34,38
9,42,60,36,84,95,79,37,90,30,56,98,85,93,24,13,28,33,36,92,88,1,88,22,83,1,25,17,54,44,23,35,66,55,1,45,68,4,11,65,39,70,17,41,43,78,51,37,26,10,34,72,43,17,58,1,36,69,37,19,28,36,33,40,48,55,66,71,81,23,34,72,79,47,12,44,43,89,13,16,15,18,70,19,42,30,80,71,23,54,96,65,55,64,55,65,5,92,32,91
99,54,30,90,68,39,6,70,22,52,28,43,43,68,77,39,79,18,46,98,54,40,22,7,58,92,96,67,75,26,99,51,37,4,94,83,4,84,44,14,86,4,55,93,36,52,35,46,35,33,2,97,25,13,51,49,67,34,12,36,10,43,12,22,60,98,87,78,25,71,68,79,41,60,7,25,59,43,43,22,83,83,7,7,29,9,58,30,65,42,56,13,77,44,19,0,50,5,58,58
26,87,35,32,1,66,71,37,45,93,96,76,11,95,70,29,5,64,91,26,9,4,20,38,44,68,10,93,30,12,91,59,16,13,80,89,46,14,86,75,16,41,28,8,26,13,31,89,35,47,80,92,0,11,5,35,21,28,33,44,80,36,99,62,81,61,82,50,35,86,21,41,57,95,87,25,0,99,97,63,99,5,23,61,88,45,93,27,67,3,10,37,57,81,73,24,72,22,88,94
96,7,24,84,54,2,61,31,52,92,31,50,57,65,62,35,96,36,22,23,63,40,40,44,14,82,92,60,59,3,39,63,9,54,51,64,40,71,43,4,40,6,14,36,84,99,98,88,6,43,69,50,17,66,18,61,46,0,74,69,9,60,57,19,26,43,4,91,74,18,29,77,40,69,43,20,30,78,25,39,0,68,7,89,97,29,2,5,58,9,57,85,36,98,37,37,80,11,6,14
74,21,9,6,10,39,58,20,51,97,86,79,10,10,27,63,74,25,3,6,40,48,96,77,30,73,72,6,50,56,96,92,19,2,50,61,68,87,85,23,16,15,90,74,40,30,49,97,0,59,58,94,80,7,82,73,32,68,36,51,21,2,14,62,47,66,61,90,39,30,90,33,14,20,70,46,65,23,45,58,78,64,61,11,49,9,94,89,50,68,9,33,98,10,26,23,24,35,55,73
50,67,5,22,40,43,28,12,0,58,91,78,35,50,94,94,17,61,33,19,62,19,22,56,89,96,90,81,28,60,86,4,49,64,31,64,82,26,6,10,74,85,55,79,24,96,68,8,69,18,51,21,47,57,84,70,78,65,88,59,79,53,12,81,88,10,91,98,63,8,21,57,63,86,11,11,14,52,32,88,48,93,72,86,74,76,4,42,63,57,64,22,97,3,77,25,36,90,90,64
34,36,99,3,85,47,56,44,79,15,67,92,57,51,72,78,62,70,98,6,93,7,31,91,53,47,27,26,70,18,89,3,24,5,99,94,60,42,17,56,68,37,16,11,30,86,27,99,80,20,89,50,6,55,19,83,74,59,99,28,41,19,90,15,50,35,42,36,34,23,71,8,9,66,67,54,9,50,71,99,95,58,31,71,72,22,45,40,14,89,59,7,56,99,44,76,33,57,93,14
23,38,79,24,95,40,28,3,1,27,80,5,6,76,22,24,7,11,70,2,32,84,55,3,50,30,92,54,49,25,9,13,75,18,1,13,79,9,24,16,83,79,15,23,0,13,57,33,36,30,37,42,82,12,63,94,61,13,37,33,60,42,92,42,5,28,24,49,95,19,44,50,13,15,32,33,56,45,96,13,69,43,3,27,16,48,89,44,96,83,0,74,47,41,28,22,60,98,22,57
60,9,74,59,5,54,40,11,26,50,74,87,93,12,48,0,75,6,32,2,21,97,78,21,64,62,11,13,58,72,8,18,78,6,86,43,76,66,30,87,36,18,89,82,36,65,25,65,94,11,2,10,32,87,27,29,64,31,94,97,33,57,47,80,73,62,91,74,28,39,71,49,49,21,79,65,78,91,91,22,29,75,80,20,67,59,33,71,84,17,32,93,58,26,30,19,49,45,7,49
26,3,14,69,91,75,42,56,1,13,63,65,39,61,36,16,22,18,71,46,24,17,71,2,67,41,70,87,67,39,30,34,43,73,11,4,57,69,7,71,6,48,75,67,7,61,81,70,74,80,99,24,29,76,11,87,8,1,77,29,46,6,16,74,42,79,20,26,61,31,11,20,73,57,99,48,44,49,88,44,27,54,54,85,24,88,54,60,53,87,1,72,3,80,64,96,82,12,73,32
14,96,60,53,96,43,60,42,84,1,34,76,86,61,98,16,2,22,77,50,82,37,6,7,42,0,12,42,48,48,14,33,82,18,87,88,77,66,49,56,83,37,48,86,3,83,32,95,0,89,58,80,23,6,71,17,72,68,95,21,19,21,34,3,13,17,20,29,25,42,78,52,44,32,34,98,73,26,93,28,29,57,98,23,3,53,69,81,88,2,36,68,31,1,75,49,13,50,28,52
6,1,62,53,65,47,74,11,10,97,93,55,24,97,72,84,21,72,77,25,40,54,54,55,13,62,10,43,47,6,5,98,15,86,41,45,4,92,80,59,38,21,28,63,62,52,99,49,35,24,15,10,20,95,86,40,16,19,50,29,62,13,48,88,7,55,61,0,54,33,38,27,65,33,95,82,96,9,71,80,94,11,32,71,62,93,13,0,35,89,73,86,69,65,79,2,56,24,77,0
83,7,84,78,75,99,22,69,23,78,41,11,60,49,66,79,80,22,1,21,44,19,72,8,44,29,60,90,88,84,30,0,60,39,82,67,56,47,58,31,5,60,2,59,58,28,37,22,90,86,35,15,59,47,60,9,48,9,44,22,71,22,19,47,26,47,91,91,93,64,67,14,90,16,52,44,49,92,67,52,98,34,52,75,59,59,92,45,96,66,48,26,94,85,15,54,98,46,6,98
19,28,16,80,1,66,72,4,92,30,66,29,59,76,72,72,43,0,81,72,6,78,47,94,98,35,66,94,10,55,80,51,3,82,1,55,69,58,36,48,5,80,7,47,73,96,54,86,23,35,31,82,78,57,87,69,85,29,31,4,76,30,7,10,83,28,24,12,5,58,21,6,34,79,25,39,68,22,79,44,18,72,56,14,66,14,87,38,82,99,36,14,90,68,83,3,8,83,87,45
86,63,61,60,42,59,76,32,77,80,74,84,44,62,8,99,47,23,29,67,71,78,56,78,22,18,13,90,5,63,43,97,22,70,71,0,13,70,28,18,64,63,77,62,18,59,49,73,26,18,64,22,15,26,86,91,42,22,75,24,95,59,13,48,62,7,98,65,9,35,54,29,2,52,0,65,80,17,76,64,45,7,92,52,95,10,75,15,81,78,39,35,30,53,3,70,44,27,10,3
9,46,79,98,36,44,34,11,68,61,46,51,52,77,59,69,86,77,63,31,41,99,24,84,27,22,52,97,24,94,35,66,33,66,70,65,94,72,80,51,95,92,39,15,49,16,87,91,9,64,74,9,29,54,96,27,64,61,62,84,79,52,60,92,4,31,1,51,34,98,6,2,79,97,6,31,76,59,37,20,67,55,61,55,90,93,53,76,89,80,30,92,38,65,19,28,96,45,96,55
95,57,77,57,33,32,92,56,42,91,81,18,63,61,54,66,77,68,29,1,81,21,18,82,64,79,22,7,21,85,78,47,59,89,37,89,28,26,32,13,20,10,22,83,17,85,19,79,77,54,14,10,23,63,15,38,91,8,78,48,15,26,58,47,83,47,46,94,76,47,55,64,15,90,59,70,6,35,17,67,75,92,85,31,6,77,33,77,74,70,82,46,67,51,17,42,0,3,30,32
78,29,7,41,82,29,38,99,83,62,38,75,44,43,25,70,43,16,17,19,46,83,85,13,21,80,77,12,26,17,98,38,87,82,28,19,83,50,68,90,82,19,93,33,48,89,51,46,39,85,22,39,44,91,63,47,27,49,21,20,27,42,35,55,88,73,78,39,31,86,57,84,7,23,26,22,62,0,3,16,4,70,48,13,49,43,76,6,10,17,65,50,71,10,86,38,18,71,69,42
48,95,37,83,30,78,9,78,54,52,83,59,45,28,23,83,34,42,76,96,10,4,24,74,26,83,20,89,22,69,55,99,12,34,66,64,59,3,39,28,77,89,74,6,18,12,67,33,38,92,10,34,14,2,98,53,33,57,54,94,59,90,68,8,66,13,67,68,63,28,33,6,42,22,76,82,5,94,52,23,22,60,85,55,35,59,24,27,10,38,70,96,89,78,42,48,76,33,95,3
28,56,10,86,81,57,34,88,56,17,36,68,81,79,53,70,83,26,54,98,19,94,0,41,44,80,72,33,55,23,99,12,94,94,64,42,13,3,0,73,30,26,2,53,28,82,94,17,23,96,87,54,69,86,40,58,47,86,86,9,79,21,82,93,38,82,21,34,23,10,70,76,4,29,30,95,46,53,32,62,67,18,4,9,77,54,19,96,65,46,83,59,60,86,72,32,24,65,22,29
10,73,7,5,74,59,94,74,75,26,72,44,84,15,9,78,20,57,13,11,58,44,90,37,60,87,87,30,19,82,86,38,67,84,3,95,36,77,1,20,95,36,73,81,59,35,77,90,21,73,71,88,53,7,48,77,49,23,71,93,54,61,24,38,86,23,5,51,19,10,42,28,17,77,34,82,3,97,14,67,83,94,90,47,50,81,7,93,33,62,83,86,73,47,95,78,27,51,22,83
65,77,82,39,50,86,85,22,74,55,29,47,62,97,73,4,6,54,97,72,92,31,17,6,22,23,49,34,2,41,55,98,57,38,0,72,1,93,87,0,33,45,61,31,53,99,91,93,38,69,6,74,26,70,70,28,71,91,97,79,5,1,37,95,41,48,7,36,91,14,54,43,43,64,12,63,81,79,55,40,80,71,19,0,19,1,61,85,41,24,9,21,30,94,1,29,0,32,75,75
67,30,65,55,41,81,47,71,52,97,16,32,71,30,10,16,91,61,43,23,19,63,88,9,29,75,12,30,10,18,17,0,9,95,26,9,57,22,75,1,90,8,36,62,68,19,54,54,31,93,30,25,45,83,29,33,78,66,88,81,41,48,16,82,20,51,78,63,35,34,93,41,79,61,2,23,41,79,85,65,72,40,4,64,77,52,69,60,12,32,7,19,43,2,86,81,0,12,30,22
50,29,35,21,90,76,57,90,86,0,37,75,74,92,66,7,5,20,12,74,30,33,16,27,10,64,75,62,56,43,98,91,51,37,42,71,16,16,71,61,27,7,23,60,23,21,11,21,93,88,17,91,79,25,1,26,93,7,70,10,25,80,10,4,32,92,98,11,55,70,15,40,93,96,86,60,56,89,31,7,81,26,54,17,2,86,95,40,95,14,12,35,91,52,64,99,38,0,73,96
82,93,64,31,61,80,86,89,61,94,19,43,44,51,91,62,79,0,1,64,32,69,1,82,42,83,17,4,96,2,52,13,77,17,3,73,32,75,77,95,36,18,82,52,50,2,27,49,80,56,22,80,48,68,6,23,85,30,23,55,58,98,24,18,59,34,34,62,76,81,67,73,87,50,42,89,11,77,7,54,86,42,33,74,24,99,25,36,53,76,37,33,58,49,14,97,57,52,97,9
89,36,97,33,21,83,7,39,41,97,52,44,5,50,24,27,19,27,47,34,15,23,76,38,66,51,27,89,64,34,41,78,65,34,93,64,21,72,23,70,89,14,75,20,29,6,87,17,35,79,80,87,90,73,59,38,4,85,28,43,64,82,33,72,2,71,33,66,23,58,42,19,25,59,99,18,99,44,70,27,37,23,92,60,68,44,12,83,97,74,98,86,76,59,74,81,70,78,30,33
76,29,98,10,77,37,52,1,89,79,10,55,33,99,51,78,11,10,45,2,33,87,91,48,50,26,96,74,54,5,6,2,78,29,82,28,18,61,33,29,90,14,84,72,83,53,9,14,3,68,42,24,68,73,97,17,64,25,42,69,44,30,16,5,44,43,4,72,48,57,66,42,62,17,77,72,19,57,86,13,32,64,24,1,45,21,66,48,67,72,37,44,94,35,70,89,22,17,77,2
32,37,69,37,25,23,74,3,39,24,5,43,55,92,73,92,2,16,51,35,52,99,36,90,49,78,4,53,58,46,68,66,71,16,2,90,20,63,21,38,3,31,90,15,56,48,32,16,75,29,64,72,23,18,51,19,86,86,16,68,83,8,30,6,61,21,25,11,19,73,50,45,29,30,40,35,75,42,91,58,38,57,18,60,0,38,47,29,86,55,76,2,96,39,70,52,90,1,89,88
50,62,62,22,63,40,73,14,91,85,46,71,15,95,69,88,56,96,6,92,91,64,72,58,38,86,20,82,20,28,3,96,52,33,64,79,66,21,6,93,54,4,75,88,96,20,67,86,84,12,76,31,55,8,97,42,7,15,72,24,97,32,26,33,9,46,55,25,16,64,12,3,91,89,61,65,78,9,17,13,77,65,16,20,75,43,83,80,12,80,42,63,20,98,50,61,78,67,46,12
77,51,81,15,84,9,92,28,27,17,16,38,70,66,57,48,56,80,69,44,50,90,81,45,7,31,39,75,45,3,1,18,33,65,94,0,20,2,9,96,8,47,84,51,26,2,41,50,13,86,13,44,84,8,91,17,34,9,87,69,59,29,6,49,2,89,83,10,32,80,42,26,49,86,36,75,1,84,17,40,75,85,67,79,90,9,28,27,47,53,99,34,27,83,50,35,0,84,84,53
70,15,88,35,96,96,66,25,28,32,4,51,55,1,36,68,77,98,6,95,34,89,75,31,91,85,40,12,12,59,40,57,52,52,79,57,49,66,72,45,71,30,66,71,12,53,32,68,49,7,42,5,70,22,10,4,82,62,12,68,67,89,77,88,41,94,82,58,81,68,44,8,76,10,66,54,88,35,20,5,10,66,85,16,41,75,31,26,64,57,90,76,48,86,92,89,44,80,39,93
97,75,35,84,20,3,57,82,5,12,98,71,61,24,80,84,33,0,7,74,39,9,93,26,39,8,30,47,49,65,87,61,58,35,54,35,95,3,88,54,91,88,38,64,41,80,87,76,12,86,42,73,69,14,34,75,63,58,91,16,40,66,31,47,86,11,0,32,26,83,16,89,28,37,60,69,56,64,26,34,22,81,29,28,25,27,61,79,32,2,19,46,51,42,85,39,21,33,47,27
76,45,36,89,10,0,29,86,85,7,95,70,15,82,29,71,88,56,32,5,77,62,54,24,42,30,17,60,42,14,95,34,0,28,28,89,96,13,74,53,4,29,13,32,66,95,34,60,97,8,12,49,43,36,35,98,20,50,12,9,93,76,36,64,8,59,38,82,8,18,78,60,11,13,5,94,67,37,84,73,77,76,77,83,45,8,9,56,52,28,28,88,94,87,39,52,95,15,62,35
43,21,69,26,11,64,82,18,99,22,69,42,53,92,0,41,93,1,41,68,67,33,47,24,27,89,45,91,77,24,85,91,81,10,83,25,56,78,30,89,94,43,44,68,87,36,10,79,72,70,90,91,75,21,93,78,69,67,63,19,24,19,29,41,6,9,61,18,59,70,51,44,71,88,7,25,61,9,55,85,18,3,68,71,89,0,82,27,25,26,38,43,86,53,83,44,46,48,85,89
85,33,94,13,75,79,83,47,40,1,5,12,86,77,89,32,5,72,73,20,83,69,29,42,22,80,52,29,88,45,80,26,95,16,43,62,14,5,77,60,73,38,28,46,37,82,17,77,60,13,85,84,29,1,18,63,82,28,78,53,5,58,85,2,7,38,36,60,8,25,48,18,79,3,26,10,67,44,38,57,6,43,81,44,68,71,9,55,31,28,94,67,70,78,55,3,58,11,43,10
76,26,65,93,4,7,4,84,43,51,71,68,14,89,23,80,49,59,81,52,58,33,26,13,5,43,54,41,89,28,62,4,34,74,86,48,7,44,83,66,2,47,59,74,37,32,94,99,31,2,44,16,90,39,63,33,25,54,95,61,58,85,73,3,91,33,1,5,99,51,80,70,39,33,49,49,18,75,93,96,66,92,73,58,52,24,53,10,73,41,33,54,74,49,91,68,56,82,27,49
67,33,36,81,53,3,94,19,98,58,13,73,26,98,29,29,60,22,96,40,87,44,84,91,49,97,79,61,93,66,34,98,37,60,57,68,67,70,75,34,55,33,98,69,86,91,9,3,72,34,14,52,61,71,92,98,29,11,71,29,82,81,89,63,53,26,11,19,66,3,8,46,36,48,27,18,42,28,10,57,24,82,7,95,25,37,31,2,77,73,47,1,23,27,46,72,25,23,49,6
1,14,48,31,50,17,29,27,1,62,48,96,16,66,16,97,7,11,49,68,84,57,83,56,75,53,15,12,91,57,48,79,85,77,95,88,43,58,99,32,4,51,85,7,43,99,67,71,67,99,93,45,12,2,33,45,10,13,88,7,77,14,81,48,68,14,3,50,93,33,86,36,11,58,87,77,54,22,43,32,93,95,58,6,20,52,57,59,6,95,45,96,63,50,50,69,66,45,1,57
15,14,52,33,18,12,26,27,48,34,78,16,60,19,79,23,32,14,98,76,97,22,89,0,85,39,3,81,89,4,50,14,85,86,70,31,43,6,27,28,14,72,28,23,28,78,96,93,97,95,50,79,76,41,51,83,1,47,18,65,52,77,6,73,66,5,57,48,67,2,19,25,52,71,44,60,29,11,94,83,27,29,2,13,91,79,9,63,2,34,44,10,31,58,46,68,25,76,71,48
78,84,29,20,4,42,80,6,83,34,55,67,92,3,60,80,74,16,25,67,10,79,19,30,45,50,41,49,62,93,44,97,41,53,4,75,91,81,75,50,11,48,4,29,16,56,26,4,0,89,82,78,85,28,14,6,37,1,94,23,95,66,80,77,49,22,3,59,78,98,52,72,31,68,95,52,53,64,75,28,32,69,14,73,55,82,22,93,23,13,11,68,86,42,83,74,93,88,38,78
87,11,63,13,10,86,42,49,74,21,18,98,90,3,70,33,81,13,35,37,24,96,44,98,57,19,23,58,2,11,91,89,23,80,68,51,95,70,10,11,82,86,80,45,53,71,76,23,64,14,83,53,63,34,57,76,37,8,13,84,84,8,55,63,83,15,45,3,73,93,99,9,10,2,59,37,23,7,28,43,12,75,48,28,68,5,96,45,36,45,34,89,31,86,4,14,80,65,78,3
81,50,5,60,75,94,56,67,2,65,20,7,9,6,87,36,88,15,9,72,51,74,94,96,99,60,21,62,50,98,38,71,12,82,86,93,30,73,98,20,23,85,67,79,31,78,99,58,77,72,42,38,87,71,6,73,11,22,41,21,22,63,7,22,90,98,4,68,68,66,45,16,20,0,83,64,90,64,81,37,71,16,5,94,56,47,69,32,21,51,97,58,68,67,51,97,7,94,91,77
41,58,61,77,8,34,8,70,60,62,72,85,90,50,52,19,58,77,45,22,83,5,16,62,80,57,38,55,12,3,45,78,12,14,31,65,70,54,36,17,79,57,63,22,20,40,22,55,93,18,50,62,64,38,3,5,61,51,43,93,53,16,80,46,9,55,3,33,88,60,62,25,5,86,7,78,39,82,66,42,60,73,19,64,10,90,47,8,40,46,66,53,84,45,92,29,57,44,55,23
97,62,88,64,32,44,72,75,36,7,45,96,63,31,46,94,12,47,2,87,54,55,74,92,91,37,21,17,67,7,41,87,75,45,54,43,0,14,7,58,90,85,86,61,99,46,77,60,73,0,34,17,72,58,92,46,86,61,10,48,53,59,26,95,65,82,26,26,47,70,86,68,9,34,84,68,77,21,59,83,97,67,93,34,92,10,24,90,19,27,26,19,78,76,53,25,65,84,5,14
22,85,76,95,78,57,32,17,19,62,46,14,93,13,75,0,91,90,41,28,4,72,96,93,57,70,89,41,42,71,36,48,63,91,12,46,25,79,40,70,66,83,81,59,59,5,13,23,24,16,10,62,94,91,56,40,48,70,38,12,10,44,91,83,9,78,69,18,70,59,87,60,76,49,13,30,16,83,25,14,44,73,60,89,87,64,37,8,84,67,70,19,71,26,94,34,49,0,45,58
88,30,84,40,78,86,13,6,71,27,0,58,38,14,46,25,97,98,40,25,55,29,56,49,71,33,5,91,81,31,50,42,6,79,83,18,93,78,16,92,73,65,99,43,39,14,58,36,67,57,60,59,69,43,31,97,16,1,6,0,47,48,93,56,45,70,70,44,79,45,26,66,2,34,79,39,93,87,71,22,12,72,19,73,48,60,27,53,41,12,38,5,93,40,77,8,86,7,27,43
23,92,13,77,93,49,98,71,84,57,31,28,13,50,97,99,81,60,8,87,63,60,24,79,88,1,30,38,43,7,63,9,82,57,58,72,7,39,17,77,90,11,91,68,86,47,68,97,33,89,72,65,10,5,70,44,15,83,9,56,69,88,82,35,27,59,55,15,8,53,46,98,54,9,20,59,49,84,71,59,11,37,98,10,79,63,94,82,63,58,97,58,2,61,1,70,80,87,96,66
43,95,19,49,87,46,97,21,16,81,8,30,1,87,94,98,14,26,68,24,50,6,77,94,86,7,19,92,79,5,30,6,30,77,90,30,61,23,69,53,54,89,8,50,14,64,29,97,19,51,35,55,62,83,17,86,11,51,93,73,10,79,98,42,62,50,82,37,64,26,53,37,66,65,46,60,74,47,95,56,16,34,87,18,89,28,40,7,13,92,21,66,0,34,55,81,56,79,20,80
84,91,94,79,10,75,21,6,66,17,97,51,93,21,38,39,47,34,25,65,27,58,56,22,10,94,91,80,94,16,79,36,97,63,69,84,52,93,80,47,49,24,76,68,30,97,0,41,8,83,23,66,79,40,34,47,0,60,50,62,91,35,69,41,40,71,61,6,20,32,7,30,49,62,56,77,10,67,97,81,56,64,97,28,29,11,34,85,1,16,33,45,44,87,16,34,82,35,55,31
68,96,90,71,77,86,78,46,56,62,12,9,31,4,78,46,50,22,18,16,26,35,73,90,84,18,21,40,94,47,5,96,65,89,82,57,18,0,51,24,47,50,18,5,2,50,53,70,82,39,50,9,92,99,98,0,60,51,24,48,44,88,90,26,20,5,33,29,88,86,69,29,82,31,3,76,60,96,99,64,92,68,67,82,65,3,55,9,60,65,25,80,19,38,73,19,19,52,18,83
93,43,1,15,6,72,32,21,89,38,41,82,72,12,18,63,78,6,9,83,17,24,71,95,68,41,89,42,11,35,41,65,64,84,40,12,18,22,95,49,69,86,91,82,54,29,96,90,49,32,81,3,88,78,87,30,20,60,35,28,53,29,86,1,70,23,23,46,60,18,44,99,72,49,91,42,65,30,88,78,29,67,14,75,22,9,24,80,17,80,2,80,70,3,86,7,11,78,29,11
42,96,23,75,21,70,37,20,4,70,82,60,54,13,83,64,13,94,10,91,83,6,84,14,50,24,64,77,24,6,59,10,52,19,37,90,90,6,16,50,76,12,22,49,83,20,11,30,70,43,57,63,18,88,20,25,87,22,66,43,69,10,34,30,25,25,4,98,3,84,2,99,5,69,35,54,98,0,58,12,30,27,28,73,36,45,33,79,35,21,32,64,72,58,48,11,18,36,44,46
7,82,53,98,24,14,26,10,91,23,81,70,44,84,9,36,52,1,62,58,4,54,69,21,48,39,64,38,82,62,28,85,72,7,62,73,25,5,1,67,63,89,97,51,84,83,1,77,58,6,45,56,56,11,66,95,6,96,80,7,13,94,41,57,95,93,44,45,93,23,43,89,82,50,92,72,28,78,89,49,28,28,86,47,70,86,18,47,90,48,15,34,0,85,33,26,68,30,48,53
56,0,11,37,12,84,74,69,68,4,63,54,52,13,77,55,91,40,63,28,51,82,11,90,88,10,19,7,94,6,99,88,48,15,59,72,51,72,5,52,97,5,12,14,90,3,71,94,58,56,58,55,34,52,26,82,14,54,42,65,78,53,10,7,93,80,21,31,51,51,60,60,91,37,2,6,85,54,8,67,38,34,3,75,85,45,89,22,90,27,32,93,0,96,43,78,47,83,32,90
98,46,49,52,89,26,39,51,82,78,22,19,15,44,93,21,58,50,35,91,91,21,51,48,77,86,13,3,19,91,8,88,71,24,81,45,27,27,42,37,29,60,36,7,14,79,26,63,88,11,90,63,32,97,53,72,71,50,69,2,35,97,5,17,80,12,5,46,0,4,44,49,48,16,56,95,16,36,49,87,81,8,56,16,66,25,15,49,63,17,88,78,27,55,76,61,32,92,59,96
61,47,41,34,77,83,51,29,7,37,23,12,13,82,64,73,15,44,54,48,22,96,65,85,95,49,82,83,69,49,94,4,47,78,39,85,65,73,52,86,43,55,11,18,15,21,19,75,58,19,37,82,13,61,64,82,71,7,78,49,93,73,43,83,15,42,52,49,37,95,39,52,55,27,50,81,72,74,86,18,24,87,1,66,88,11,41,99,93,44,59,46,30,44,76,85,43,39,18,2
1,19,7,82,78,81,70,5,40,23,73,71,58,95,47,78,74,85,68,39,23,48,77,19,16,76,17,89,23,38,81,17,58,0,30,93,51,18,28,8,54,6,58,80,64,28,54,56,61,67,48,7,50,80,58,32,57,7,11,35,97,93,32,91,42,84,77,44,73,15,62,23,38,51,39,28,50,37,40,46,16,69,68,95,27,59,82,8,21,41,78,23,64,50,27,77,60,86,28,5
20,70,40,14,86,12,46,68,4,48,72,98,64,52,24,98,44,91,83,61,80,4,99,18,1,40,3,61,90,21,14,82,32,28,78,54,99,39,29,9,34,39,72,74,92,50,18,97,59,89,46,13,26,55,22,79,85,94,31,7,72,19,31,15,20,80,90,88,0,97,50,65,6,70,74,80,78,23,47,23,89,11,58,0,79,60,42,78,64,67,14,68,33,62,88,70,95,13,85,58
7,85,33,95,47,7,77,61,81,68,16,17,89,42,59,24,42,11,49,18,92,19,54,9,55,27,40,37,81,81,75,34,0,30,90,83,69,69,77,2,72,37,19,29,80,42,10,67,96,29,70,67,80,30,34,56,52,67,3,85,96,40,95,29,48,95,51,31,78,67,72,89,52,85,88,78,52,98,23,41,51,86,99,68,74,16,84,54,50,46,12,50,46,47,33,80,99,84,80,85
16,84,75,45,21,13,1,18,17,7,52,66,52,31,41,82,53,94,97,74,73,89,75,6,25,62,31,43,17,0,88,14,0,18,67,37,48,74,47,57,94,21,91,39,23,34,51,36,53,20,0,97,1,59,2,14,18,8,32,82,38,81,0,8,56,38,66,76,85,63,45,19,15,32,50,39,68,25,62,74,29,31,85,99,54,71,44,76,19,97,55,44,73,57,53,27,32,15,0,81
53,73,70,85,1,54,16,4,81,27,65,32,38,43,95,75,48,25,86,32,59,32,88,49,75,28,69,2,68,54,44,92,74,69,99,44,70,37,21,30,15,38,87,87,37,71,87,67,89,16,71,36,17,90,83,84,80,36,65,1,17,9,61,33,81,46,47,11,17,50,1,18,22,34,16,89,49,83,92,24,81,67,60,1,37,66,91,15,93,13,86,87,55,98,37,17,84,0,18,59
15,61,7,33,69,46,58,62,49,83,84,79,4,70,55,83,3,37,92,55,62,52,22,84,34,90,72,71,5,99,39,93,6,99,49,59,78,6,83,8,58,84,77,5,20,11,77,32,76,65,20,59,13,58,93,29,49,79,29,52,60,5,76,99,25,93,57,23,67,16,3,27,47,48,84,44,6,61,91,85,7,42,37,27,27,7,90,66,6,35,59,66,62,93,73,7,98,99,14,30
90,71,99,19,4,26,29,19,77,92,28,82,98,39,70,4,27,18,17,57,68,2,62,42,48,39,28,4,40,58,18,94,42,66,94,94,10,91,26,68,9,99,45,6,40,70,23,81,25,94,39,31,6,54,27,35,11,97,92,22,25,37,11,34,12,61,57,7,72,9,68,51,18,59,48,20,38,49,98,25,31,85,58,24,30,13,17,83,62,36,60,60,72,36,40,56,93,83,41,57
71,49,26,67,82,9,26,48,73,68,29,95,35,63,23,65,23,0,15,10,61,80,34,20,92,84,8,20,79,39,31,8,52,67,73,97,55,50,76,46,51,48,83,92,71,5,31,62,99,52,52,8,14,25,3,12,6,91,47,46,59,27,16,41,89,4,59,43,99,89,46,10,39,18,20,84,20,16,46,27,50,42,43,25,85,94,52,92,93,69,28,23,54,22,46,51,72,91,34,64
22,8,22,89,54,84,92,73,52,41,3,25,48,43,34,62,12,14,82,26,16,97,80,80,79,59,40,89,27,84,23,12,55,43,22,66,66,38,77,80,41,27,82,48,61,31,52,1,70,82,69,41,69,86,2,39,56,56,34,71,23,52,10,42,0,24,5,58,67,40,52,65,5,78,14,97,62,11,82,75,11,18,19,79,42,14,24,43,71,1,35,86,13,90,42,92,23,88,19,26
36,3,10,6,4,49,62,67,14,39,57,69,61,14,70,34,40,8,92,13,0,11,85,33,99,8,47,66,80,19,49,98,82,57,55,13,81,55,95,99,88,37,80,86,5,62,71,54,22,35,39,91,59,52,60,9,6,69,94,39,66,24,81,14,43,28,34,27,27,37,52,63,33,12,55,96,28,97,17,49,44,98,65,32,66,2,56,45,44,67,35,51,15,80,35,25,74,5,22,16
83,59,23,15,71,42,99,32,39,9,57,58,42,72,16,6,44,15,33,34,93,70,52,6,59,59,73,33,98,80,85,41,38,24,74,86,95,96,50,14,66,78,57,29,47,10,50,45,99,49,23,92,85,72,71,36,44,21,52,5,38,50,6,23,90,26,15,42,40,46,56,14,54,84,38,7,30,39,25,43,39,47,66,85,96,48,10,78,14,74,66,32,65,18,65,73,23,76,12,50
58,69,53,79,63,33,65,42,21,65,99,3,73,97,26,44,22,82,48,92,73,7,9,50,99,30,8,55,36,67,86,45,1,47,7,45,25,47,48,17,69,65,8,57,21,66,45,67,72,68,84,10,85,41,92,6,81,99,16,5,59,44,34,82,66,58,9,99,80,39,78,25,23,54,22,94,44,83,43,54,73,79,89,43,98,47,17,74,34,32,35,42,52,33,46,70,28,88,90,1
51,14,62,28,26,45,98,24,39,7,12,53,73,27,54,74,80,92,18,56,7,7,81,59,45,92,82,52,0,17,89,79,14,54,69,24,64,25,18,86,50,66,89,51,92,78,47,83,2,32,51,61,60,53,87,51,60,82,51,25,21,54,87,33,92,68,18,82,1,72,21,3,10,40,75,21,54,5,28,60,59,68,13,67,47,79,36,50,49,16,34,25,12,89,43,47,67,76,23,62
88,3,41,3,31,50,99,96,1,77,98,55,49,54,52,60,83,55,60,22,52,35,15,94,17,37,13,95,28,85,66,45,36,54,40,66,27,78,73,77,80,39,27,21,12,23,55,12,0,72,13,83,11,26,34,21,34,34,4,86,5,93,87,56,31,4,91,41,4,92,18,11,87,57,69,8,3,25,24,13,85,9,15,32,41,99,26,7,83,45,5,18,51,68,84,59,68,64,44,29
94,22,4,30,45,46,57,29,62,36,44,2,49,20,50,5,12,93,29,27,15,45,8,47,13,77,24,69,91,12,55,59,98,2,3,76,43,39,67,91,27,49,33,36,71,10,61,47,81,33,34,61,85,58,83,68,35,30,1,41,55,51,45,32,8,24,83,42,56,67,39,11,60,11,37,9,95,51,61,12,15,89,66,59,55,74,2,76,16,78,69,51,67,54,53,84,20,62,60,64
69,3,1,70,50,71,0,4,6,24,95,14,20,23,42,93,60,48,35,5,3,10,70,12,4,9,77,34,40,0,79,40,0,30,93,81,63,96,16,46,2,81,17,62,13,53,59,26,50,22,82,22,62,33,12,15,76,72,2,75,20,77,89,35,19,17,61,17,55,39,43,87,51,79,58,72,38,0,96,65,26,86,2,68,7,1,64,64,14,18,71,43,49,73,58,84,74,96,81,56
