249286886,306367201,263330506,308976738,301478229,216716338,167352973,337658709,274718767,257053198
236551516,311219932,257729235,263408192,245540924,180573968,196523684,293248412,215012875,219278674
301310341,409927243,262141268,427376289,337663392,273877634,234116833,372508784,319650073,312685342
277633778,375570448,303707452,423145518,312629039,266945447,203616922,365851796,296300267,351740188
217167884,332209415,244674450,277891854,205818610,202283446,166226209,315387782,215921749,244755692
147169107,268424635,135566582,246623203,192202024,144784288,160147670,216210001,185166244,141514693
222564169,211703480,187033416,247896226,245514284,105092121,160942048,272001243,161749128,173658827
156333780,277508949,189545494,241967394,184229603,187168515,119957936,222691638,196829929,202807015
165032276,175732630,159902727,241570633,208414928,152731116,120179605,172866403,176706683,201622784
157728212,234280873,165366579,216395108,166853250,133749274,127797358,205533851,155175719,159268947
