38,50,18,41,13,86,51,66,35,1,50,8,41,55,39,78,49,10,96,8,48,55,64,84,62,18,47,39,86,73,97,4,61,62,89,76,93,7,25,90,1,13,9,93,9,77,40,11,94,21,88,22,57,52,97,59,4,22,42,76,39,48,88,76,76,18,72,10,22,79,74,53,54,58,6,15,28,90,24,45,89,56,86,88,15,49,61,30,27,99,21,81,33,40,93,20,40,13,35,21
57,19,23,3,50,9,28,9,7,10,73,58,14,65,53,80,73,97,15,81,59,42,92,76,48,66,58,51,11,38,39,45,75,67,31,37,42,51,4,80,0,17,62,88,71,96,36,39,22,36,9,97,99,37,62,94,59,43,36,26,40,5,21,33,61,40,24,1,93,27,21,62,53,96,17,82,92,32,36,5,64,46,68,96,16,34,79,9,86,90,92,15,14,4,77,6,7,93,79,27
16,71,3,30,18,15,74,29,79,63,78,22,89,45,22,81,96,16,26,73,54,58,97,22,2,10,64,18,66,79,26,47,50,35,41,19,40,71,4,42,44,64,12,24,15,29,86,80,44,98,23,50,9,59,71,88,78,43,96,1,33,93,18,64,90,21,96,73,57,59,32,65,94,18,6,37,57,19,44,44,21,41,25,94,27,71,96,19,48,81,73,36,95,88,9,85,58,9,78,20
16,83,96,9,84,93,79,4,58,43,97,43,1,65,20,61,87,64,62,43,61,85,7,61,1,9,7,94,44,67,73,14,2,9,64,65,34,67,68,50,34,23,68,79,46,91,85,45,85,36,92,83,76,31,57,15,60,22,49,48,35,11,8,34,96,89,54,95,65,60,39,79,33,12,41,52,18,46,56,4,89,67,41,79,23,81,32,27,49,3,33,38,26,29,5,37,30,77,69,53
58,83,34,96,27,99,15,84,48,27,99,24,59,24,37,39,11,93,18,6,48,80,93,45,65,27,97,65,41,59,92,76,15,76,27,48,44,13,84,82,86,80,57,62,39,90,84,31,22,16,16,65,30,30,91,22,91,6,38,31,75,51,95,71,61,44,68,46,37,31,14,32,84,87,74,49,33,34,13,55,62,88,48,40,75,30,18,73,87,14,81,76,43,44,83,94,39,79,94,76
68,47,44,10,94,42,49,48,19,64,74,29,22,19,10,41,32,13,58,27,34,12,21,25,37,32,39,59,8,37,85,14,82,95,83,1,14,84,26,48,57,54,33,34,50,61,83,63,92,83,49,25,40,81,95,77,35,7,54,30,16,57,88,82,64,70,53,54,97,51,65,74,45,7,4,30,37,64,68,36,12,80,45,1,32,74,32,23,42,94,58,69,25,69,83,12,24,20,39,60
22,99,15,62,12,68,94,84,65,71,41,99,22,35,10,76,43,3,77,17,19,95,52,3,2,40,36,40,80,39,53,60,55,91,5,12,28,22,80,19,2,27,64,57,34,1,90,6,71,91,81,54,78,66,48,31,58,97,14,58,85,94,95,9,31,41,42,20,79,30,71,81,56,44,54,20,38,9,34,32,82,6,63,8,86,14,42,41,8,35,87,91,82,70,90,34,33,68,38,27
94,6,5,8,86,15,52,28,11,58,11,5,68,0,69,72,94,71,29,25,15,4,91,74,4,95,11,50,95,13,92,41,92,26,49,2,38,85,16,69,52,52,96,15,6,21,83,22,18,75,34,6,15,37,14,72,63,69,40,42,67,17,27,95,37,25,69,52,10,88,1,97,73,42,88,50,12,86,16,80,84,2,79,94,49,50,2,46,78,66,67,39,8,6,39,70,44,23,46,43
81,51,23,0,15,36,81,35,64,21,5,25,31,77,30,82,43,49,38,31,51,13,52,31,1,67,52,63,45,26,54,85,75,46,45,1,13,13,38,56,2,43,12,48,88,0,82,83,4,86,67,72,6,14,96,48,63,30,58,21,48,76,15,23,18,2,2,25,14,92,98,9,64,33,50,23,45,42,26,76,5,51,1,28,68,67,92,18,84,58,84,49,45,49,17,7,12,30,20,32
40,30,24,88,59,87,39,35,88,36,64,62,46,51,36,44,18,9,69,94,75,12,83,34,37,90,39,54,54,61,66,44,44,40,29,48,12,77,56,13,1,6,54,33,71,77,55,56,15,1,65,61,96,80,65,28,80,67,29,23,28,73,51,74,93,54,2,34,44,98,64,59,23,53,12,44,23,36,28,55,0,4,79,73,79,93,10,53,23,91,88,15,89,78,88,84,99,27,72,10
5,89,51,41,75,33,92,36,59,25,98,37,33,16,72,29,78,45,66,26,33,89,11,24,67,28,97,63,20,35,16,13,92,7,11,22,47,67,52,27,56,10,99,71,53,93,34,80,41,99,18,11,58,85,4,71,82,76,13,49,65,56,68,67,80,70,22,40,85,99,85,66,76,9,47,87,64,54,54,37,67,55,16,91,51,52,35,45,40,26,71,15,32,43,31,7,43,11,55,99
5,25,30,77,59,55,0,77,11,97,0,62,40,25,75,56,70,38,73,78,76,89,74,61,92,53,96,26,47,54,72,1,80,3,30,88,58,20,65,11,46,92,17,74,14,79,62,58,56,35,96,89,8,63,25,16,65,97,72,76,87,90,60,60,35,86,97,84,94,37,27,99,89,75,61,82,57,11,99,12,34,71,65,98,13,76,95,47,24,35,22,17,54,30,60,88,77,42,37,6
40,69,60,59,99,72,92,70,52,42,24,14,82,24,2,88,61,58,39,57,68,66,74,39,2,82,0,21,76,82,82,95,67,44,10,53,48,37,66,14,44,72,61,53,72,6,91,45,66,62,87,28,30,75,58,38,43,0,36,78,1,32,43,9,85,31,95,30,14,8,70,81,66,44,85,89,72,23,78,29,9,19,88,5,75,97,17,90,53,31,9,46,27,42,14,64,43,82,45,45
98,37,6,29,54,44,46,25,33,1,5,70,9,10,28,62,2,35,99,9,6,53,61,59,12,14,1,61,45,70,68,95,23,85,80,96,19,14,52,64,57,54,14,91,68,15,93,48,44,80,39,55,72,11,48,59,74,52,11,16,68,36,85,50,22,80,57,62,59,10,24,22,23,68,62,90,18,97,97,60,12,15,10,72,89,92,55,92,13,28,73,67,73,85,26,32,45,24,31,39
99,41,75,63,75,29,37,30,39,72,31,2,45,62,22,54,46,71,57,56,59,19,88,58,47,11,79,42,85,36,30,37,82,61,10,0,18,65,77,80,52,19,79,67,53,65,90,69,46,8,60,74,16,91,14,31,75,24,63,97,69,7,81,55,9,97,92,18,50,4,84,78,83,65,42,83,53,3,63,13,13,10,72,59,40,65,74,1,80,51,67,54,76,44,40,72,80,41,54,84
87,1,81,69,86,26,67,66,8,1,88,74,10,91,2,8,30,32,11,2,36,66,76,54,50,39,51,20,14,46,41,74,22,10,73,1,84,21,82,94,23,17,82,44,33,81,14,36,40,33,54,7,89,87,40,52,72,47,35,45,42,58,57,68,7,20,25,58,90,30,81,50,1,6,25,39,16,93,8,53,52,82,25,68,11,63,48,68,91,47,72,22,99,24,36,94,12,77,33,99
78,61,8,4,87,32,90,73,57,85,58,99,26,49,35,36,92,49,10,75,82,52,50,36,63,33,78,24,6,51,73,61,34,70,37,22,16,52,19,98,43,21,78,46,47,4,20,17,75,67,80,81,2,85,82,15,53,99,19,79,91,60,9,4,99,29,36,30,90,10,68,23,17,52,7,76,94,97,15,99,25,82,82,21,93,49,19,61,97,81,82,81,66,35,74,24,44,42,99,1
78,28,83,32,64,15,84,49,77,80,8,7,68,30,87,81,75,98,69,74,96,84,77,68,75,78,42,49,24,27,5,17,9,25,37,91,7,7,31,5,24,77,92,98,10,59,70,58,53,34,35,94,76,66,45,43,35,19,47,24,40,11,54,42,62,65,17,15,16,3,19,71,83,82,10,91,57,81,22,9,81,7,52,37,65,36,2,67,61,8,83,95,62,83,46,32,73,88,72,18
65,37,22,77,96,11,21,45,35,30,97,93,78,25,29,79,93,78,59,5,69,3,33,24,98,13,18,78,16,37,30,30,81,78,74,36,17,78,34,59,29,7,73,31,61,14,91,96,93,31,62,51,2,48,51,77,46,86,78,39,84,71,76,41,79,22,40,45,79,32,85,33,52,65,34,62,1,35,58,75,48,45,63,88,99,99,2,21,92,56,52,97,1,64,77,85,56,94,62,98
22,75,44,41,72,9,2,91,45,37,42,56,74,27,30,0,80,89,34,69,7,45,67,33,66,60,30,19,42,70,28,76,54,35,75,14,78,86,94,52,17,36,46,45,72,63,93,28,54,95,68,75,88,4,74,18,24,50,1,64,22,17,13,69,79,47,29,69,27,7,9,84,41,64,51,43,65,97,98,80,26,95,88,21,29,70,10,74,45,94,41,79,53,30,77,4,80,29,76,89
6,60,80,64,69,38,56,70,45,66,31,54,64,47,51,82,74,71,37,50,54,83,73,8,58,35,15,55,42,91,35,4,75,35,1,87,39,62,13,7,79,70,10,77,67,23,86,88,36,89,23,89,72,57,4,65,72,13,87,61,8,49,15,70,91,10,17,77,24,97,78,90,62,74,27,53,48,73,56,3,71,18,69,99,85,37,7,69,26,97,95,76,34,10,13,27,57,21,71,70
59,93,69,61,92,86,19,66,40,29,50,77,94,48,3,98,88,33,53,4,84,66,67,72,86,88,26,64,88,60,69,48,14,39,91,74,78,46,86,16,78,88,79,92,32,22,54,52,70,95,91,25,19,71,13,71,95,60,77,23,78,33,87,22,91,14,73,30,16,70,45,13,32,92,13,36,23,33,71,83,53,71,43,39,82,16,57,96,46,53,22,89,5,81,49,28,92,60,97,52
73,76,93,3,76,44,57,18,8,88,22,60,44,70,34,52,59,70,35,82,27,72,28,3,98,76,41,1,6,75,50,43,24,92,49,64,58,75,1,45,19,26,44,88,87,66,84,87,11,99,13,52,93,19,58,81,81,75,99,73,10,9,37,43,18,99,9,45,78,36,58,42,61,69,26,88,54,74,95,7,43,73,52,44,31,45,70,79,54,77,45,92,69,98,23,38,52,68,11,15
23,92,72,8,98,69,15,75,90,54,89,37,34,74,23,10,89,62,97,81,64,16,34,94,47,94,67,28,16,12,94,58,28,10,12,55,25,71,34,7,22,62,46,40,93,20,70,69,9,98,36,20,69,49,5,48,36,9,49,92,60,99,80,52,60,59,41,45,15,44,59,18,50,53,10,81,13,35,0,25,63,43,31,70,73,93,25,29,41,60,50,17,6,6,68,4,75,42,39,19
93,62,4,45,81,11,76,58,92,21,23,37,59,60,65,99,35,96,11,40,47,4,37,35,74,97,84,28,5,71,6,46,62,69,64,82,24,69,31,15,82,57,27,72,74,33,41,11,85,99,56,61,83,31,82,59,46,95,8,35,71,11,45,51,0,54,43,27,63,75,67,16,89,37,39,71,52,96,51,66,34,48,11,67,31,78,32,20,45,16,35,5,37,9,43,94,59,21,15,57
4,79,25,43,92,63,60,60,86,71,61,9,93,20,62,84,83,29,71,42,19,18,25,29,81,29,16,16,1,93,89,19,78,11,26,65,37,50,84,20,37,56,6,42,86,0,61,16,48,90,42,82,42,79,8,70,56,97,4,75,83,52,70,26,85,85,48,97,34,91,37,86,57,77,43,52,94,76,52,51,78,31,83,37,97,63,28,92,0,67,22,26,79,2,8,25,80,84,49,6
30,71,46,37,81,4,89,79,68,91,45,65,29,65,79,52,14,85,20,29,18,7,23,44,93,20,50,8,86,5,76,52,46,7,74,66,2,65,54,4,18,32,61,7,81,81,99,55,72,44,87,77,66,58,7,85,76,4,99,54,11,54,44,13,75,76,96,12,66,2,65,13,97,72,15,21,65,53,94,41,34,82,8,35,86,86,83,77,65,95,5,78,26,16,70,91,53,96,71,60
6,96,57,86,42,20,31,8,51,99,67,52,97,22,39,38,82,65,37,90,68,12,81,95,84,74,77,13,9,42,70,77,64,95,48,93,95,43,76,51,23,81,38,38,35,5,52,86,95,85,90,83,59,35,25,60,90,13,99,15,57,24,28,98,30,39,88,91,62,68,47,36,97,11,12,81,94,19,70,38,75,7,99,7,20,8,20,46,59,61,70,24,44,22,97,74,55,24,95,4
65,56,9,28,6,43,22,7,46,64,53,48,54,26,59,83,34,52,41,81,31,89,45,90,61,98,85,21,63,66,72,32,30,93,98,37,83,3,85,35,17,89,92,70,28,41,72,65,48,33,96,72,40,51,40,45,68,72,86,49,58,98,78,10,82,74,65,91,71,59,13,67,52,77,51,9,42,83,12,11,88,61,46,0,29,54,15,60,51,89,50,84,50,8,31,52,84,58,97,45
50,29,4,99,28,40,99,45,22,96,21,5,57,33,56,21,87,34,22,71,58,48,39,22,7,12,98,6,62,31,36,28,95,59,85,97,95,36,38,34,34,98,96,85,73,87,83,97,13,67,52,1,98,92,6,41,61,44,3,15,7,94,6,41,22,31,95,77,98,97,97,83,29,73,76,27,3,25,56,99,17,22,10,7,70,24,5,46,97,23,45,21,35,44,64,65,10,86,91,61
56,18,75,52,93,18,82,84,1,69,57,51,86,50,73,45,87,9,2,55,64,76,31,57,31,35,81,8,39,79,24,82,55,81,82,14,62,92,67,3,32,69,83,90,82,57,85,52,47,82,80,37,45,60,18,25,25,32,39,74,76,8,44,94,67,62,57,40,95,19,12,94,99,30,95,63,64,24,29,46,39,59,90,79,51,48,11,98,28,96,53,65,51,52,34,32,39,89,23,6
95,86,43,40,59,65,15,46,88,58,21,63,39,94,6,1,93,7,42,2,51,56,39,3,12,96,42,81,97,71,42,92,18,18,64,57,27,13,8,79,83,32,13,66,30,0,43,63,43,75,12,20,38,54,13,71,68,70,89,36,3,29,6,17,67,70,25,0,47,71,94,91,10,88,36,11,45,69,88,57,53,58,10,55,32,73,36,29,31,21,37,44,85,21,94,5,56,86,47,64
50,6,66,99,31,16,31,38,64,13,34,46,9,82,24,86,34,13,19,49,56,33,79,33,73,93,71,90,23,79,98,48,13,32,65,62,99,34,64,20,12,71,16,13,31,87,45,23,67,66,52,29,5,21,85,1,1,33,11,33,68,65,93,19,1,29,80,51,52,5,2,52,61,56,62,43,13,32,16,90,26,65,11,55,56,62,20,55,12,21,26,68,54,0,96,38,23,85,57,7
51,27,89,14,88,18,14,64,25,72,16,64,73,52,75,64,3,94,25,57,8,71,77,15,95,81,79,83,34,19,83,38,14,14,14,35,10,91,34,7,38,14,23,67,47,78,81,80,32,53,56,77,36,47,49,66,98,26,9,53,68,25,87,10,61,26,53,48,25,90,79,79,85,36,46,23,17,21,58,99,68,16,8,27,12,64,0,99,79,71,42,13,17,55,60,39,52,97,69,82
77,25,77,56,12,46,78,56,26,7,11,62,5,93,23,64,28,87,62,94,37,65,31,78,52,59,49,59,85,78,57,46,4,76,87,1,2,38,0,8,65,81,8,33,80,46,35,52,17,61,59,50,62,53,73,57,76,87,84,28,38,29,31,88,74,98,61,84,57,93,84,96,31,44,25,41,72,25,90,48,12,83,77,82,91,13,49,70,83,89,86,19,42,33,72,74,32,56,12,15
18,20,47,98,36,65,71,88,12,8,42,83,38,92,26,99,33,36,34,9,0,7,47,15,84,66,7,76,60,28,63,45,71,21,2,53,86,27,69,70,69,85,19,31,7,5,17,68,21,22,24,13,7,6,31,48,46,40,16,72,42,99,20,99,84,34,97,6,38,48,80,24,29,52,5,85,91,31,50,10,75,80,53,88,30,87,11,1,68,25,85,74,32,83,43,42,28,94,13,58
15,48,60,87,15,40,11,2,37,81,10,98,70,24,93,97,29,51,98,9,95,90,51,17,20,47,82,35,87,27,66,75,81,42,57,42,62,0,88,41,6,49,72,70,71,68,27,47,24,51,77,25,51,63,25,39,70,47,84,27,19,27,12,80,85,56,4,71,84,1,14,16,94,38,14,61,50,18,75,69,14,83,48,53,99,45,8,20,12,49,25,73,30,75,47,40,94,43,0,48
48,39,66,69,47,6,90,20,70,48,80,80,79,29,1,10,9,84,90,9,54,25,95,63,40,59,61,89,50,16,87,32,41,84,90,13,58,96,82,81,38,89,59,12,90,20,73,66,58,74,5,13,51,30,65,23,72,36,68,81,54,38,89,68,89,27,27,1,97,41,68,90,69,77,11,9,81,4,99,48,85,21,64,60,47,36,23,68,55,89,28,35,74,95,5,60,49,21,12,3
54,25,71,96,51,27,75,36,22,56,62,50,91,43,11,19,64,1,0,48,36,66,33,81,59,66,6,67,71,98,69,50,54,18,44,94,82,37,77,62,29,64,3,76,87,12,64,80,11,3,22,93,89,86,67,62,75,58,75,20,5,59,40,62,87,51,2,56,1,11,43,10,29,63,65,35,52,7,51,57,62,96,96,34,64,14,17,21,10,93,86,2,54,41,2,94,64,91,83,30
74,59,78,33,73,8,58,92,71,82,62,48,80,14,88,48,81,89,61,79,39,87,81,4,25,12,76,85,30,15,15,57,27,86,33,98,82,46,5,75,13,23,82,97,96,69,26,21,70,28,41,80,87,25,51,39,39,63,53,86,88,38,72,37,49,12,48,40,20,81,95,92,90,52,18,15,95,4,84,39,8,12,81,76,24,99,15,37,87,50,40,6,29,82,2,86,86,71,11,63
62,97,15,85,32,30,26,29,44,59,94,75,67,27,72,52,84,55,29,48,5,39,51,43,17,16,96,96,73,70,77,92,72,95,3,18,33,74,34,32,72,94,21,9,11,87,21,76,27,99,78,52,40,64,66,4,30,47,51,38,49,12,89,76,28,92,34,4,26,11,65,41,37,8,13,72,76,8,66,63,85,97,56,87,56,6,4,80,2,72,75,5,46,58,46,71,55,67,19,96
50,1,15,55,67,58,80,2,14,11,37,77,4,8,26,65,76,62,40,23,94,83,89,48,54,23,4,80,22,77,29,95,23,54,74,87,2,43,49,6,96,22,2,73,23,93,41,57,85,95,78,15,74,81,94,89,5,49,11,10,38,90,96,83,42,39,4,51,60,30,97,83,11,63,54,54,46,18,2,82,24,63,9,21,2,77,90,53,44,52,99,41,35,63,46,13,71,1,53,54
75,63,52,64,25,66,30,38,72,41,63,25,37,29,15,36,85,86,85,34,33,82,51,43,33,62,46,65,53,80,10,35,56,29,58,11,47,42,99,45,89,45,98,74,1,65,54,17,71,21,76,92,62,54,32,81,31,83,21,77,47,40,50,76,7,80,33,94,7,84,20,77,49,15,86,13,32,7,75,19,57,58,8,28,73,87,81,81,34,46,0,14,9,18,3,93,58,86,55,91
31,87,36,39,62,26,4,4,93,64,41,84,79,7,42,57,26,51,12,87,34,11,2,34,5,35,49,10,35,29,8,89,70,40,54,49,90,51,18,7,5,78,54,45,85,66,18,46,93,66,57,43,37,31,79,98,66,73,14,31,67,72,56,2,97,55,54,88,45,15,48,2,77,91,61,3,8,92,97,3,57,91,6,85,21,96,83,40,82,46,37,71,53,23,94,74,43,43,30,26
11,63,26,17,36,73,97,69,23,8,92,15,39,90,62,54,76,85,72,66,4,57,30,22,6,30,97,6,7,8,60,54,32,10,83,77,93,14,6,94,16,30,60,12,21,35,47,41,23,98,46,25,99,97,84,1,75,36,95,95,98,92,8,6,31,18,16,4,6,33,52,69,37,92,53,42,33,96,5,98,50,14,52,56,69,17,45,59,78,47,93,24,79,59,62,95,91,52,6,82
48,27,53,90,2,61,43,44,9,29,35,91,92,89,19,64,13,77,22,67,86,88,31,73,83,87,57,8,70,24,50,63,59,23,9,93,64,70,13,16,50,84,37,87,39,5,89,65,38,32,69,67,80,25,93,27,25,76,28,88,51,91,33,64,5,59,59,78,58,21,39,27,3,41,19,39,93,49,20,11,43,2,50,25,54,78,30,34,9,4,87,67,2,4,82,81,79,92,64,21
62,9,15,83,36,1,60,60,97,54,60,11,15,39,57,66,68,25,95,14,82,36,0,37,22,62,98,46,5,59,87,28,98,8,13,57,73,85,70,83,56,60,13,40,19,13,37,36,40,71,31,91,37,52,16,72,53,79,30,68,91,20,89,62,28,14,21,78,90,11,25,7,89,85,64,9,21,16,6,31,22,52,78,4,7,79,15,82,60,0,31,20,93,96,9,27,18,40,15,50
70,17,6,2,48,75,67,36,82,17,44,59,71,98,73,14,42,69,29,41,4,58,83,83,44,49,27,76,1,29,37,71,17,11,40,32,55,21,50,54,78,10,15,65,18,55,75,31,17,48,9,16,51,99,9,78,38,97,30,54,10,97,27,10,34,34,26,97,41,78,57,89,38,66,1,50,14,23,41,6,65,59,68,79,88,26,80,15,98,79,8,55,10,58,8,63,80,73,36,83
48,95,13,33,21,71,88,60,40,10,13,20,46,83,70,9,70,22,47,63,94,67,86,47,8,19,77,51,41,83,46,21,93,38,33,43,1,97,6,63,13,6,41,63,34,45,83,13,20,64,11,35,83,67,5,90,74,93,41,86,36,13,85,26,30,78,37,77,41,75,75,73,17,22,22,9,82,78,33,49,24,15,72,56,83,4,59,21,60,65,68,90,80,99,83,23,77,95,21,33
89,57,37,17,38,72,66,29,83,16,93,21,79,61,95,61,89,23,69,53,72,6,98,52,99,85,31,38,43,70,60,22,49,70,73,73,98,62,38,43,41,42,1,8,0,84,6,17,95,70,56,13,93,55,61,98,64,71,95,48,16,65,48,9,1,0,48,65,98,46,0,76,60,7,15,39,14,3,49,46,5,75,60,85,56,80,55,89,93,74,8,22,59,77,3,73,47,45,78,83
58,42,43,95,36,33,65,1,82,14,68,45,11,81,66,82,92,74,55,67,15,14,89,71,92,43,43,82,86,1,20,43,65,21,45,83,66,95,73,61,63,91,47,54,73,25,2,21,35,84,42,19,23,97,21,17,77,69,72,18,47,98,86,87,30,55,24,73,40,61,99,63,4,70,78,47,86,80,82,10,24,75,8,94,97,58,92,2,32,4,77,19,34,80,70,53,70,97,64,51
37,43,54,22,31,95,98,33,43,68,68,95,31,64,52,65,46,76,16,26,56,62,88,81,36,10,59,36,3,95,63,96,39,18,33,63,65,26,74,75,11,63,48,66,96,21,89,1,76,20,20,33,19,28,31,40,98,15,22,6,45,17,78,28,2,14,63,92,49,34,85,22,13,63,77,12,53,50,66,53,98,38,74,3,78,70,74,58,91,87,92,77,73,75,8,99,57,8,81,83
74,61,6,25,21,2,22,88,67,24,97,48,98,99,37,12,33,7,90,77,97,13,53,71,58,75,5,70,59,30,31,77,34,50,4,16,67,42,80,40,90,48,24,50,62,49,9,44,69,38,74,34,35,99,44,90,21,37,83,47,46,42,39,41,54,25,84,77,69,95,85,84,95,27,91,30,13,71,83,71,51,58,23,58,60,11,99,32,75,30,17,46,12,77,4,19,78,5,56,82
88,88,67,64,40,27,21,28,67,62,64,58,37,17,56,76,66,19,17,21,93,26,20,62,97,9,58,66,27,34,18,67,10,88,15,18,9,59,54,8,28,58,9,47,52,85,2,43,28,22,94,82,95,32,49,49,1,34,59,36,26,98,5,45,84,93,8,82,65,85,59,95,6,39,57,79,80,3,90,95,39,53,16,75,63,41,3,86,29,94,6,96,25,75,42,54,81,37,67,26
73,43,35,13,69,28,96,13,10,47,46,50,55,68,14,79,68,27,40,91,52,27,39,16,4,40,0,36,49,38,47,43,55,18,19,10,45,68,82,62,31,81,55,46,69,50,68,17,87,16,62,75,22,44,79,75,68,84,84,45,73,65,36,50,35,14,1,72,34,34,42,88,74,81,52,37,9,2,57,43,82,9,66,48,97,39,30,66,9,48,2,44,84,44,10,34,90,50,33,9
94,4,50,80,75,76,93,88,73,16,79,78,32,84,82,51,69,25,86,61,6,67,92,88,7,1,67,92,62,88,50,0,99,60,42,87,89,90,8,40,79,98,28,48,65,76,39,35,66,77,62,64,56,53,75,66,22,41,87,18,37,16,37,68,30,41,80,0,18,10,29,72,88,18,66,52,80,70,72,36,22,63,88,66,33,10,54,31,56,95,78,83,56,43,57,63,55,30,83,28
47,24,56,7,44,69,91,28,10,0,99,99,76,80,87,75,84,14,54,31,20,41,25,61,10,30,59,53,91,58,56,46,32,70,74,20,38,85,54,85,0,15,65,36,45,70,87,16,35,97,22,24,21,25,20,1,40,26,61,36,33,1,7,47,11,90,31,27,83,48,51,28,67,88,91,25,84,77,32,39,35,98,53,90,60,15,36,27,79,47,60,22,35,91,55,69,53,25,47,12
5,76,49,65,91,95,51,18,38,1,9,26,30,39,15,53,25,77,16,87,31,47,7,71,86,5,9,59,45,9,23,46,28,72,30,45,1,48,62,63,16,49,9,10,64,87,38,63,17,29,84,60,8,9,16,1,42,55,63,9,64,10,28,2,13,92,92,3,83,6,13,56,63,62,72,1,7,21,79,62,24,32,69,48,48,17,0,3,26,19,88,94,38,29,88,38,18,49,1,19
41,18,15,83,79,46,54,1,63,17,2,20,51,50,93,60,20,42,93,86,56,47,98,9,81,1,42,26,76,51,56,60,3,18,4,21,94,67,92,95,64,38,99,13,12,18,87,62,26,22,36,72,2,99,10,98,50,68,65,38,37,10,40,2,37,54,68,61,77,68,10,59,74,18,68,16,75,47,38,91,44,1,52,81,97,96,48,72,59,14,32,38,35,44,1,52,27,57,2,37
17,61,96,1,62,90,6,0,8,25,4,61,13,28,52,29,19,66,71,34,38,93,76,2,31,55,42,50,51,84,63,73,78,55,9,7,89,55,30,29,31,78,40,61,59,95,37,97,22,55,36,40,84,80,14,15,97,11,83,82,12,48,58,71,98,42,61,91,61,0,69,37,11,86,24,18,93,45,36,12,38,0,79,74,51,47,18,75,73,20,36,89,19,73,23,52,51,52,84,18
21,93,40,41,68,75,62,91,65,72,16,2,12,96,22,43,11,10,95,7,35,88,46,56,27,31,51,72,11,98,36,49,47,1,29,30,37,87,41,85,43,99,11,62,98,50,46,33,80,93,85,43,56,43,3,47,86,15,59,32,23,86,2,33,42,5,4,64,67,12,74,29,41,31,16,29,6,35,40,41,19,92,94,79,64,5,96,34,50,76,26,84,68,54,34,64,65,58,57,12
68,37,17,34,24,92,56,9,88,34,30,72,4,97,49,52,3,97,11,79,14,66,49,56,48,9,24,40,19,95,83,91,14,49,81,86,26,37,21,16,49,90,28,60,87,94,37,34,25,28,72,66,41,29,24,32,57,39,8,78,84,61,31,1,17,42,38,2,87,97,97,88,29,49,87,63,99,74,22,55,91,64,13,12,79,85,1,97,9,70,81,36,6,34,91,41,87,59,13,98
53,1,65,11,63,47,32,17,3,60,33,18,8,69,43,69,68,52,26,82,55,92,55,97,98,96,10,63,59,76,84,61,29,98,21,36,62,12,4,53,99,51,30,57,11,66,6,94,23,82,47,71,27,30,23,15,13,33,33,18,77,5,10,2,76,31,86,43,6,65,5,36,20,82,19,6,64,90,93,85,89,9,70,42,87,66,45,67,41,75,15,25,86,92,19,24,56,64,35,87
77,70,79,5,70,80,47,89,95,5,79,75,26,66,60,19,85,56,11,75,34,2,2,76,63,44,33,41,64,3,47,90,87,20,67,98,48,17,23,81,4,65,40,23,32,0,69,28,96,52,4,29,69,76,70,29,82,32,88,86,11,14,9,0,8,71,3,76,75,40,53,36,56,15,29,11,2,32,35,24,33,96,5,80,91,41,15,64,55,43,28,94,41,23,26,69,68,36,1,53
51,97,57,48,99,20,16,47,11,22,95,19,81,68,35,71,69,28,87,39,41,62,0,98,55,91,50,10,97,11,30,94,53,71,8,7,59,79,58,24,10,40,75,15,80,25,66,37,8,86,32,53,32,23,26,88,50,97,58,20,30,43,28,2,94,41,71,61,23,64,50,0,74,99,37,95,10,40,30,52,29,38,24,0,24,4,8,37,60,32,68,67,53,29,49,94,56,19,93,32
81,20,22,69,68,77,7,11,75,3,10,5,72,10,29,68,53,17,36,10,17,31,93,42,38,27,17,98,84,29,58,94,69,12,75,40,87,68,72,65,23,26,0,51,99,42,62,89,37,76,58,70,31,10,37,92,76,84,10,88,32,1,57,19,33,35,30,69,57,93,26,48,70,66,24,84,41,25,74,30,99,69,10,20,18,46,13,21,58,77,70,64,52,42,58,35,27,54,16,79
25,27,47,49,69,68,52,41,63,93,31,92,94,36,71,24,31,54,4,14,88,43,30,61,75,11,40,48,76,3,61,4,25,33,83,66,76,6,24,85,13,36,78,36,55,77,73,56,14,95,24,47,25,20,86,6,11,79,6,86,16,93,29,11,45,94,70,67,96,39,35,72,35,59,87,33,78,4,46,86,8,7,87,82,4,8,86,52,24,15,55,17,9,81,14,6,6,9,83,94
0,37,52,15,6,62,96,78,75,17,58,50,23,56,51,82,76,12,64,41,82,58,28,63,23,73,60,46,92,68,13,72,79,23,22,44,60,96,36,20,93,47,64,34,30,73,86,74,68,10,92,31,48,62,61,34,30,81,51,94,59,68,39,88,90,99,29,30,49,85,14,92,85,0,36,7,56,35,72,79,73,37,0,21,68,72,72,98,36,16,79,45,29,22,66,42,34,99,80,64
61,37,54,97,88,92,86,61,71,82,20,15,60,99,73,22,65,93,18,26,66,5,90,79,60,87,61,58,58,64,95,36,14,12,22,77,55,9,95,29,96,97,94,84,3,18,82,78,4,50,48,24,58,28,19,39,43,42,71,93,70,51,89,70,24,40,83,45,26,88,98,55,95,53,55,78,79,89,53,5,78,91,5,1,59,85,9,39,10,63,42,25,49,10,1,39,57,17,40,25
32,51,39,45,82,71,13,52,99,44,84,90,46,74,56,65,71,24,41,67,82,28,81,92,4,15,90,10,12,30,22,60,15,65,84,37,68,86,86,21,39,80,50,66,71,62,28,86,75,43,50,2,50,75,97,43,45,50,97,21,63,0,4,76,10,24,34,19,83,95,19,27,22,11,35,85,52,35,88,95,45,88,30,79,38,30,29,82,39,73,31,57,3,16,18,58,79,27,18,65
83,41,52,34,49,55,28,80,44,49,77,88,76,95,81,33,91,44,50,85,21,76,48,27,32,19,23,13,75,37,30,66,45,15,82,76,10,64,2,24,49,53,88,78,21,29,37,86,56,19,2,57,51,68,65,32,76,33,70,72,59,28,5,71,30,73,98,28,76,49,63,98,82,26,26,25,73,97,21,84,27,66,36,93,51,98,95,16,49,95,37,37,25,34,14,31,63,58,62,91
60,55,11,58,21,94,51,43,75,17,44,56,8,34,4,18,29,98,83,85,10,6,72,32,80,29,90,31,37,61,57,62,82,27,15,38,4,52,24,98,0,82,54,12,52,82,40,60,81,6,29,45,56,65,92,66,92,73,86,24,27,95,43,81,8,82,35,12,83,54,31,4,97,98,63,76,35,38,37,98,55,48,63,76,75,27,57,80,48,78,38,13,33,85,11,79,65,74,31,4
1,29,58,78,23,45,22,48,71,18,12,21,50,62,54,35,18,26,5,77,66,52,46,0,13,54,92,34,57,77,46,87,57,38,23,21,90,35,26,89,4,6,70,61,54,42,35,53,7,65,64,14,46,88,23,55,32,50,85,9,47,84,13,52,30,60,69,98,59,98,71,38,73,23,76,91,91,66,49,11,59,54,92,90,34,64,39,74,52,27,43,75,17,6,86,62,77,43,53,57
4,43,62,97,67,40,85,58,79,44,72,61,24,76,93,56,76,14,42,45,72,4,45,5,44,18,13,9,62,50,66,35,30,55,20,30,0,22,9,67,44,37,91,61,96,11,77,48,54,7,97,0,18,74,41,26,41,81,86,69,33,79,38,4,6,84,85,14,35,24,43,85,22,81,74,91,35,86,72,73,39,65,82,94,59,88,80,48,31,75,2,21,2,27,85,50,4,82,1,38
43,1,91,29,30,55,81,70,30,46,78,89,93,75,34,42,91,66,85,7,78,89,82,15,54,93,27,35,11,65,30,10,98,1,37,15,40,80,32,37,48,10,15,90,46,2,35,13,11,13,80,12,83,29,10,77,74,42,66,50,4,98,85,97,65,84,91,82,52,31,80,51,8,10,83,34,69,17,58,31,81,71,43,19,25,79,80,22,97,75,75,97,12,52,76,96,32,42,4,51
32,45,20,76,82,24,19,87,73,82,25,4,79,44,79,87,8,91,71,99,76,8,16,72,65,58,2,0,74,23,6,6,64,1,95,4,40,41,31,15,82,54,23,36,66,28,90,12,45,91,80,49,22,13,75,5,44,46,33,72,39,66,97,52,79,94,1,85,57,27,55,91,72,1,42,36,44,16,27,65,85,64,58,40,66,92,86,33,61,13,88,80,39,26,2,5,74,24,40,42
30,81,87,92,11,89,37,21,30,67,75,21,10,77,15,3,77,55,60,91,37,20,82,69,94,29,12,58,8,86,94,15,59,40,88,63,8,48,91,85,50,16,61,41,85,19,44,88,63,65,41,76,27,54,55,28,11,19,46,16,26,21,5,35,60,25,81,46,3,43,18,38,57,30,65,71,65,56,0,77,66,27,77,41,47,49,85,85,47,90,30,24,71,11,95,72,31,78,44,97
84,83,72,62,96,98,15,56,23,44,52,76,56,97,90,34,1,13,18,69,28,0,53,53,29,23,43,14,81,11,47,85,29,61,41,46,10,21,32,53,29,82,71,56,70,55,10,93,73,20,16,51,68,0,65,53,62,72,81,15,33,71,83,35,89,43,32,76,14,85,80,51,99,2,3,50,34,86,92,64,8,79,2,2,56,52,75,60,80,22,10,83,76,2,6,54,62,70,44,81
40,6,66,62,62,88,53,94,37,51,16,39,90,91,35,97,39,69,94,88,39,75,86,30,85,93,61,12,44,89,33,5,57,76,33,41,59,20,48,25,90,8,7,59,41,53,49,49,54,47,80,32,80,42,71,57,68,50,74,24,28,45,58,44,92,62,65,35,6,62,34,2,17,82,78,29,89,77,48,8,44,2,95,87,47,84,31,49,74,26,8,82,32,47,6,7,6,52,58,2
23,85,76,87,45,50,58,47,46,28,46,92,57,36,48,75,9,59,4,76,51,57,63,66,89,97,12,41,29,51,17,58,59,88,28,22,97,70,87,58,72,26,11,55,39,47,46,22,40,23,5,59,33,95,48,36,92,15,12,44,10,63,85,18,74,3,79,12,17,40,34,36,49,67,36,77,19,55,23,17,45,41,34,91,0,11,61,72,21,63,93,10,80,64,25,0,67,5,36,69
46,87,83,93,74,55,15,29,56,29,4,68,58,21,87,32,14,97,39,25,34,30,96,53,9,6,81,9,90,32,48,83,3,11,61,97,53,46,75,81,98,53,60,69,62,6,11,0,63,88,20,98,87,46,84,18,10,26,12,96,98,80,82,4,34,84,2,81,27,46,43,44,39,94,10,40,56,97,67,55,2,41,58,81,57,96,67,94,29,58,43,45,67,24,62,76,15,99,31,92
85,93,97,63,81,75,47,65,21,66,47,57,37,83,52,14,53,8,35,34,38,4,98,57,95,9,54,29,80,71,62,60,52,63,93,8,30,53,16,50,85,12,93,39,6,85,16,15,2,63,75,20,2,37,51,48,77,52,53,53,97,89,16,18,16,12,36,32,23,72,85,35,12,12,59,36,37,68,13,25,11,38,89,35,78,80,84,42,89,30,74,66,21,38,94,5,29,96,15,61
62,51,80,71,26,17,12,62,7,41,70,70,81,55,85,91,73,47,53,17,43,27,98,8,37,82,94,90,79,38,60,11,75,73,22,84,0,32,50,5,32,2,47,4,61,56,18,82,21,74,74,31,45,2,41,86,16,28,74,15,27,34,42,56,84,86,87,23,12,16,66,71,4,2,94,47,55,84,98,7,88,72,86,86,91,76,80,47,96,46,78,58,20,26,95,84,87,58,89,34
93,14,81,54,55,84,55,55,82,17,73,67,52,1,29,70,1,80,87,82,5,22,71,50,59,54,10,75,86,81,87,93,21,44,76,47,95,1,30,25,12,41,73,34,12,56,5,44,93,78,84,41,15,21,15,97,35,35,95,42,36,53,66,86,71,86,17,10,39,2,12,56,67,33,57,31,38,85,42,40,34,95,20,18,22,87,63,35,25,53,29,84,76,97,6,20,34,68,62,16
20,86,95,6,16,47,77,33,85,28,21,71,93,12,69,67,74,1,26,2,24,61,93,44,79,88,86,98,0,85,92,61,86,53,97,82,87,47,72,86,73,81,34,27,99,80,85,61,53,17,15,11,40,35,60,12,97,68,50,81,73,69,93,96,84,7,17,45,96,30,24,28,51,19,40,17,5,91,43,35,74,57,92,94,45,32,42,55,5,65,70,82,49,78,80,47,37,52,11,29
73,79,53,75,20,64,64,39,60,13,40,58,55,69,31,96,87,98,8,40,41,56,38,42,46,88,97,23,50,6,88,7,71,73,46,97,7,76,3,19,82,28,63,1,36,55,15,60,12,67,63,83,51,50,2,10,96,43,49,59,75,13,0,28,50,53,81,61,61,36,26,22,73,62,15,50,87,84,79,4,36,41,3,56,36,62,58,81,97,56,28,88,12,90,87,28,32,66,91,24
41,89,23,92,37,73,87,11,45,16,22,59,97,63,81,67,79,84,5,58,93,91,1,84,67,17,85,63,20,97,13,36,70,9,29,11,89,12,6,95,31,19,3,44,16,97,41,4,34,47,26,42,44,50,3,79,1,68,69,89,97,62,9,37,38,92,48,56,66,97,70,23,72,58,2,77,89,91,88,53,86,61,76,46,48,79,41,88,65,10,70,78,60,99,31,37,68,68,41,35
25,64,29,66,99,44,27,68,63,43,63,42,10,46,42,51,97,53,74,5,90,21,56,4,98,89,85,96,84,81,43,91,18,53,48,28,17,93,41,50,24,28,81,69,47,69,4,77,25,91,28,11,41,24,64,30,65,42,44,90,80,26,77,93,69,16,69,76,68,5,31,99,36,49,51,18,77,85,99,48,8,47,90,3,69,47,47,44,33,15,36,53,93,58,40,67,5,50,94,72
20,56,23,99,51,62,24,39,11,89,24,51,50,49,66,60,66,42,8,75,65,34,3,84,33,11,95,74,53,84,87,71,36,74,43,2,83,3,98,22,25,90,8,15,42,57,19,78,5,80,27,25,31,3,59,0,49,59,92,1,18,29,13,89,34,3,33,85,13,50,80,80,95,21,90,5,1,86,20,52,45,71,46,21,23,45,25,59,23,96,89,95,68,40,76,46,31,71,10,86
31,82,85,27,8,23,5,28,42,61,65,94,2,74,80,93,64,45,25,41,77,63,94,2,57,8,69,58,65,28,32,72,66,43,12,47,12,81,59,23,63,65,56,87,60,20,14,96,63,20,87,91,95,50,21,64,57,92,14,93,55,32,17,22,56,3,73,81,89,28,9,83,11,73,32,2,60,38,53,39,45,97,57,41,44,13,0,67,94,53,97,92,52,28,85,75,37,71,19,47
93,79,95,52,58,90,1,69,82,13,45,41,13,56,57,78,30,23,38,89,59,89,97,32,65,7,95,52,53,36,22,32,73,98,57,83,2,37,70,71,29,98,93,37,43,21,17,21,50,8,55,95,62,43,74,51,36,8,42,21,49,42,89,6,63,96,44,33,73,13,80,37,69,66,88,47,35,53,99,9,25,40,42,29,25,28,68,46,77,6,76,4,94,99,38,43,24,45,19,22
5,86,12,11,59,14,82,67,93,87,93,61,93,36,99,34,39,66,59,80,80,30,48,48,35,94,44,88,49,37,7,28,81,23,20,46,25,35,28,48,84,63,21,30,18,14,2,72,76,76,52,84,13,20,45,76,99,33,27,33,40,18,23,26,86,35,94,4,50,37,49,14,28,37,25,9,41,20,5,76,54,33,97,75,58,54,84,65,69,71,49,10,87,37,62,13,41,12,94,58
80,39,91,14,5,49,99,82,65,9,94,44,77,56,93,82,91,36,73,80,98,33,1,66,50,40,2,53,0,63,14,46,5,88,76,89,76,51,92,45,58,71,6,51,5,84,9,61,45,51,36,28,85,87,73,3,57,72,11,9,99,17,72,68,3,9,42,86,85,6,61,93,55,32,71,25,68,92,43,96,56,64,12,11,68,21,98,89,55,0,3,16,94,71,51,24,26,80,95,85
90,25,6,81,66,40,41,69,74,53,92,69,51,37,89,91,2,68,2,43,44,30,62,38,66,26,77,78,98,17,54,0,47,34,76,21,71,10,44,64,84,70,54,35,41,42,81,35,40,42,83,61,49,46,57,37,99,51,56,47,65,60,9,66,80,48,88,93,57,8,62,25,64,3,33,83,55,98,18,54,35,2,3,24,84,17,16,74,68,10,53,92,43,74,62,23,82,21,59,60
64,45,65,37,93,26,6,93,60,69,67,58,81,28,0,48,59,71,12,2,60,87,3,29,96,49,28,93,36,26,63,88,49,20,59,42,71,5,72,93,58,97,0,39,9,80,32,87,70,38,48,37,20,96,59,50,73,65,36,53,84,68,63,18,85,16,63,34,78,45,73,70,20,10,92,98,19,40,90,58,28,15,61,90,1,44,41,98,83,66,59,19,76,8,1,1,78,49,87,97
70,13,62,51,11,47,85,78,7,72,6,28,91,66,10,43,18,29,60,82,32,54,81,28,78,71,2,41,82,1,93,58,52,53,35,34,36,1,73,51,4,46,65,87,68,16,70,46,71,46,97,4,27,66,90,92,90,84,79,10,8,55,26,90,40,84,41,63,47,51,54,72,3,26,3,64,51,88,81,96,34,77,3,15,35,52,87,5,7,8,22,15,20,18,26,2,24,3,74,43
10,36,94,57,28,67,67,42,15,28,55,38,75,58,71,38,1,87,52,1,49,34,45,90,18,82,93,79,15,3,52,96,45,89,90,49,53,76,62,34,18,84,66,28,55,19,17,57,94,2,94,4,14,64,31,87,45,55,86,78,28,72,83,73,0,61,83,20,77,47,61,33,55,26,43,36,7,34,79,68,72,7,93,98,69,43,78,11,32,30,58,64,97,37,10,12,82,7,26,6
92,22,58,66,38,63,26,68,9,87,89,64,18,44,72,83,49,59,87,81,84,11,12,58,95,73,82,36,11,35,87,36,54,79,91,97,94,45,27,51,46,98,93,44,22,61,41,96,86,1,17,56,42,89,15,7,78,64,9,3,29,76,53,81,60,99,79,63,99,95,71,73,95,89,79,63,89,72,67,72,74,26,5,63,5,68,36,56,28,34,74,84,59,43,58,13,6,83,18,77
69,24,55,47,50,38,67,72,3,83,51,6,60,79,73,97,21,85,57,37,32,37,76,32,55,36,34,3,83,32,10,43,46,13,42,41,54,34,88,63,62,52,80,65,78,60,78,56,40,15,30,46,73,28,9,6,34,9,42,15,35,83,4,27,48,82,23,45,87,91,65,86,19,84,83,88,63,73,93,34,19,53,98,50,96,62,56,90,10,96,39,52,96,41,71,25,20,31,41,11
1,3,76,47,39,93,78,96,41,24,28,72,67,30,20,80,36,27,50,63,29,49,42,14,49,76,67,72,9,63,90,1,0,12,22,50,42,49,92,67,78,34,71,33,73,96,21,89,70,27,92,26,35,34,10,1,96,64,22,67,77,18,88,90,30,25,58,21,54,28,3,55,28,68,62,53,57,65,57,20,35,70,83,25,44,75,39,64,66,72,84,5,12,80,3,42,27,78,8,87
