291066166,298959904,386983648,360974635,349066327,256666104,327331907,367054674,318546616,406952797
293691765,292006228,387622243,375387074,360914961,254425752,331435197,372635992,315269561,383649786
208734057,247556175,291410648,300029970,241981831,204630101,265299231,315073612,248648777,270111634
124146186,223477122,233601712,184948379,191750726,130644586,180437002,260880052,190755465,184958993
358318421,331454034,412887441,429861273,398684137,349790727,380186500,429350279,349874379,417025274
238663274,221861369,267163914,272724174,213723365,184984159,255094326,294954738,276975178,271889930
196950318,203126071,298595525,229288718,342875444,183493300,251393040,259715168,216371919,250357124
147881325,140452448,194390906,235874717,243865847,163859692,204600700,215960910,177269930,159117834
253356081,248457618,305651122,296090220,274245693,217135092,268019524,317238474,213454834,263831230
231214105,263716014,301324014,345009365,322763474,244361674,286678639,329978620,265202370,294156275
