141484197,95057613,197480904,179989666,247590961,108746097,99186057,146617342,178754824,191055550
230904899,211715873,295898203,243170037,332887016,252998078,182740591,190539654,252809420,329611789
346141119,317845259,406102140,390979544,408440084,367860474,225596713,227130714,317590703,430369848
285539568,258837916,309923905,256160375,363905412,290127386,156108858,256266461,223283302,328922408
127771014,124646236,154433837,106484625,166189172,155862752,91660952,126550970,156981750,186234393
254685628,233930457,320293349,269028399,328635082,277497224,196302937,203266868,240272181,336951183
195060901,221473510,233073611,189844382,207634593,233601822,119566764,207304229,183095613,268898099
286682022,249392198,355168088,338843620,411045642,289439209,235291922,235150003,292648454,419627201
244288704,230202896,264913274,259144677,314097183,229531866,125141393,237344715,217998023,308533431
156262408,145749031,245047668,186400396,264656150,199864355,161630662,90949582,187548400,250780003
